726968634769236308963292736359196983613698929632927369232359196983636832383592369892675572636989235921192323591969836368323835923698922919698369892347692369892136732173518,[array([9, 3, 5, 4, 2, 6, 8, 1, 0, 7]), b'pqndosfabceghijklmrtuvwxyz']
6398056176903381038016365807905030561709035639096163056501056165010561630505610307616301058039763980561709035639016365805617017302790562710765697857639865865876305,[array([6, 0, 3, 2, 4, 1, 5, 7, 8, 9]), b'rcygmednabfhijklopqstuvwxz']
25993864342384373073743625756494390449575985611173159386442373862599256563864657866575656303862383443741599437386434631564642364593443740313643749,[array([5, 3, 1, 2, 7, 0, 8, 6, 4, 9]), b'uapcghedbfijklmnoqrstvwxyz']
8050395256447204563295256834975483256897080501834345650525990830565456083030593952569830565993952565783952563275739525615259345032560757830307020397395259950844,[array([5, 3, 4, 0, 6, 7, 2, 9, 1, 8]), b'gnwouscabdefhijklmpqrtvxyz']
484587927924878175484578682819375927182938196927193848185819278118580959248451484495493848084818581927679090818551466481714845517694851490909293879648679087,[array([9, 8, 6, 4, 5, 2, 3, 7, 1, 0]), b'wadvzerbcfghijklmnopqstuxy']
5948465335949421564235930156475148424735323531515347563411475948422353593513146565934656364851533421514910151534656351150349522464114791663531664951591956484656,[array([5, 4, 9, 3, 2, 7, 6, 8, 0, 1]), b'ceiylpkabdfghjmnoqrstuvwxz']
58746409804186498399435879583499083494147494045468941879040808954145805224087229466404545801894145228540804083229158746224180495454547589892218682224298741800899824941874741,[array([4, 8, 2, 7, 6, 1, 9, 0, 3, 5]), b'gjwuofxabcdehiklmnpqrstvyz']
438028945430438745854342264587428582454738702824543824285458733328746477454285987424047828734782428504347341874258087680878282454738702804742824547064233423478242850434734187,[array([4, 8, 3, 6, 0, 7, 9, 1, 5, 2]), b'lwryvxkdabcefghijmnopqstuz']
41416230106298161613164191929816131432329230107298162917152927102741416230101782932716131016292823291723010029282710272928232917230102513664310274141629282329172301017131061627,[array([1, 2, 9, 6, 0, 7, 3, 8, 5, 4]), b'blhwgrjacdefikmnopqstuvxyz']
232425715628737525762302579247173873766762173257374241523752167156967392862867671715633207562347157573792157924717371562873752571732123336232425823243373267156896750765,[array([2, 7, 3, 0, 5, 6, 1, 9, 8, 4]), b'xihecpmkabdfgjlnoqrstuvwyz']
024608050646945020108020291430246430194943084702464345082602461150864201099420147082024643450826342454501080246084564642495054245024543060602469020291430246464206019494342010994201,[array([4, 0, 1, 8, 3, 7, 6, 2, 5, 9]), b'kxwjdrgabcefhilmnopqstuvyz']
06759506974770545926736938463469635845340616769353696116959547969504369636169624776920675938038547534061500775745745369614776926153094738037747546767693,[array([5, 6, 7, 9, 3, 4, 1, 2, 8, 0]), b'scteguhabdfijklmnopqrvwxyz']
2731388670327878186357888726737573857267361583697032787888662827388197867038328157085973519186270870157383619156781388670327878122708158858361351070,[array([1, 7, 8, 2, 3, 9, 0, 5, 6, 4]), b'tahrxoepbcdfgijklmnqsuvwyz']
605259981053545885465210539591053545793810901053542541910194525419536171758545360504050199595945910885735841019105354481441717681910540605210535448199571854101910540,[array([5, 1, 8, 7, 2, 4, 9, 0, 3, 6]), b'rqwionuabcdefghjklmpstvxyz']
4591944353594591918858585359585618537581841456173859127595653561891953533531356189564179359421495313561892535912391245685359459195818414565445818561895754856185445693,[array([1, 5, 7, 9, 3, 2, 8, 6, 0, 4]), b'uerciqzabdfghjklmnopstvwxy']
369182896067646482899369183896564859878569648289648969642806482899269562895364852692638962353856965646482896430838926964828965851892806482896430896269398389652676482613621,[array([8, 6, 9, 0, 2, 5, 4, 7, 3, 1]), b'cbogqyadefhijklmnprstuvwxz']
1058565746515741256576424902475050574980591058114947046464704634957465702575842024756848256576514747584156875656574634980535157584947420581647422423470256571512149,[array([5, 4, 8, 7, 0, 9, 6, 2, 3, 1]), b'icnxbtpadefghjklmoqrsuvwyz']
3293562953738306230537243832604373211243838325693053738306061625537386038693053732562503224246238135619569246961537386293960383243853738603869306232053738169603524696160316935,[array([3, 6, 2, 4, 9, 5, 8, 0, 1, 7]), b'xsntzmljabcdefghikopqruvwy']
712174701195782397179797076259762526570762073787121712323769712174259766712425715212073259766957974267621207378712171232376923971797970764717871795767925976232021207324767471911026,[array([7, 2, 1, 0, 4, 6, 3, 5, 9, 8]), b'jugcwihqabdefklmnoprstvxyz']
969186839355583934839525952968393585944928058656597918068355968393918082496954969582584596938096956595158229558393508393483952595419180838393504838356919790916493,[array([9, 8, 5, 7, 2, 3, 0, 4, 6, 1]), b'ejicmarbdfghklnopqstuvwxyz']
5159307761406680109635606018607751851593070206596351151585902590701045875175806010771175853758085465601066545151214604701595159307761404580753763546560106685813012,[array([5, 0, 1, 4, 3, 6, 8, 7, 2, 9]), b'gxdemhlzabcfijknopqrstuvwy']
08348458124305300124215081551249153180815433710082317310165471216518370815433710461643435308343108164917481643043154545081200124215088164551249151654712165,[array([1, 4, 2, 3, 9, 0, 5, 8, 7, 6]), b'zojtnhrqabcdefgiklmpsuvwxy']
8181421786701550156781214131569867015591591315676715146312690701213145151813156901239158771564698913156920126795156905151881814131569012314126401267172269121821213,[array([1, 6, 4, 5, 7, 9, 2, 0, 3, 8]), b'krcbohmadefgijlnpqstuvwxyz']
13586070832085320108021908393253965209536813553560708608356078175260708209363769535607135808350219320880935060901061010935607080813760553680836520908360902075,[array([0, 3, 5, 2, 8, 6, 7, 9, 4, 1]), b'ofdtymjabceghiklnpqrsuvwxz']
236369523636963413695138065352965483609603595423429213695113595263092896371352859496694434949635129129683695194959638561809096356213836951351940853696341,[array([9, 3, 8, 4, 0, 1, 5, 6, 7, 2]), b'nuoedrzabcfghijklmpqstvwxy']
418028202050242702074341705470679431050970949489720502482884324270743024824670242706050745490545054743090748706034809024274307432427074302482467480942709484345820205024271,[array([4, 0, 8, 1, 6, 5, 7, 9, 2, 3]), b'umxqevnpabcdfghijklorstwyz']
67858765876567858187618581487677618381089678581674872810896785818385876380481610898076178383048087618467067858187489760876387816567858165818387678781651876785678581874628763637848165,[array([8, 6, 3, 0, 1, 9, 4, 5, 7, 2]), b'uowjryabcdefghiklmnpqstvxz']
7802087232602324212083268086292484837262120242026424212480872326842425238786298723262186832078020872326218683202026212442683262087232632480878687232623780208629324202478084264268062678384,[array([2, 8, 0, 6, 9, 5, 3, 4, 7, 1]), b'cywjmvabdefghiklnopqrstuxz']
959562520794560825278520352375403520820352595209525908252070459070413730408252039070825251040356514095208241752295607909525608252395140952480401515659040807519770401,[array([5, 0, 4, 6, 2, 3, 7, 8, 1, 9]), b'ichmywfabdegjklnopqrstuvxz']
35013608385706836135055350136070806063635013613577536350735080608385808390550707350509570735050957083850107350509573501075558536070253534320680838907580435010838535850838,[array([3, 0, 5, 1, 6, 2, 7, 8, 9, 4]), b'ecqjlryzabdfghikmnopstuvwx']
08126182190323217396363530108301903012065181703521836166363539371081491910171961821903232190771817193621886363508123019183236391291032328363019180396363510830190301206,[array([1, 3, 7, 2, 8, 6, 4, 9, 0, 5]), b'zsnyqwabcdefghijklmoprtuvx']
241014908037080602064649064103462060147414990124206012050620196490824949089475905034649499050345064908464924203462410149080370806020646490641035474846030101242060131080646690146,[array([0, 4, 1, 3, 8, 6, 9, 7, 2, 5]), b'ybfgopacdehijklmnqrstuvwxz']
8367168347268757135317975300079316563136839353579313435793134031343678308368367171832757183660053957175830357956313631235790653932836357556653579570535797257953075355,[array([7, 3, 0, 6, 1, 8, 9, 5, 4, 2]), b'yszapekfbcdghijlmnoqrtuvwx']
63471065154361077480406120154032918480106404740164015151013407047612404701203797480166151516407484076347476124047612940470479579248401017180100343071640430,[array([4, 1, 5, 3, 7, 9, 8, 0, 2, 6]), b'untoyefabcdghijklmpqrsvwxz']
42717840217370701417370673464642717849784097537873461717078467341784549781407049664978407340429427178711407097521046140704271784694570217370427178666734646707846734178454271787808,[array([7, 4, 6, 9, 0, 8, 5, 2, 1, 3]), b'woupjsakbcdefghilmnqrtvxyz']
62595252139491932120959824252133912020269362626932144793620267442891208949124982597625952693626269391249825979521421598728691207936202094919172669420987939195982526939825919362595,[array([9, 2, 4, 0, 5, 1, 7, 3, 8, 6]), b'mvfzswyabcdeghijklnopqrtux']
09431949121323849192319532382635943194389595094311925132594191449150943135049591235449238975351384491513235956359431943895953438705953844383209638319194381323595132359437,[array([3, 9, 4, 1, 8, 7, 2, 5, 6, 0]), b'ltfcwukabdeghijmnopqrsvxyz']
79735903037321973183797903626903079735734343019130298913730234357369037630195797359030373219731343736909037978295379783015308376375297598419737919023237370903037302989137,[array([3, 9, 5, 7, 6, 1, 0, 8, 2, 4]), b'caripwobdefghjklmnqstuvxyz']
65181464921517218154227651814936431072173636714654146436268564264171314268651814631564196515171564199183626518265651814673681718265182014641914171815431018159146414415149,[array([1, 6, 3, 7, 4, 0, 9, 8, 5, 2]), b'oymvscuabdefghijklnpqrtwxz']
754645345945845453599852162526363625327526395053754641753693506296462545263968625299426475162646362532752639507546450963469475863625353454509626054964625463625353529764,[array([6, 5, 9, 8, 4, 0, 3, 2, 1, 7]), b'epoqufwabcdghijklmnrstvxyz']
830513957545831395754373156395754457520513285251832395754031375105295439578305183239572323138005295439575215200303139054895439575454830515754837313254830515631003115451575437,[array([5, 3, 0, 1, 4, 6, 7, 2, 9, 8]), b'lwcgkyvabdefhijmnopqrstuxz']
78527280177242851315810272827131419281913231027281913513182910281910277101528172806102728271314192813231027282513175152728172810272815131828815139282778262982619231317102728261713928,[array([2, 1, 8, 3, 6, 7, 9, 0, 4, 5]), b'npyavbcdefghijklmoqrstuwxz']
51894059098413979868188929798217818498965130973909417981889252154597973644392985189489239817381397979817681865179813979869839869798175189469784545189451794818,[array([9, 1, 4, 8, 2, 6, 7, 3, 5, 0]), b'boysxiacdefghjklmnpqrtuvwz']
43952793912824328249498916243984934282898232842542793989125939828282432142569398234214252824439559195498493439528939134742398916421984939324289342144395391954098493,[array([9, 2, 5, 1, 4, 0, 3, 8, 7, 6]), b'pwabnzycdefghijklmoqrstuvx']
81623182425162425182516172716171324273182792532425261316262527725238162329814258313168162324252682828252324273168192529251427824292526843252717182516172572728182717242427324134325,[array([2, 1, 9, 6, 3, 5, 0, 4, 7, 8]), b'fjszkuvabcdeghilmnopqrtwxy']
46731257573769121250424121737641257573769121252942325752882198217547073829257573214234763870799732082379923759210424121732873173252873232538237976424125754242182379,[array([7, 2, 0, 9, 3, 6, 1, 5, 4, 8]), b'ciyvrqoabdefghjklmnpstuwxz']
734341958734312757325649727973434195873434872673437829579273434197267249500419437343417341072573412645564359172707994178417941737841673222645497270797343727092645,[array([4, 7, 2, 5, 1, 9, 3, 0, 6, 8]), b'aicsgknxbdefhjlmopqrtuvwyz']
02561025252583062404567065402561583065304013582253065602561025252583065457565452040906904540657070904560110260415459035304585806158306535406526065459565857545752575357565830609045601,[array([0, 5, 2, 3, 6, 7, 1, 4, 8, 9]), b'phvcdrxwabefgijklmnoqstuyz']
270242430362613461707434514113270783434102026466343126702243842414502843307602843660943034324347603434274518141450284313270783434102091072438424145028433,[array([4, 0, 6, 5, 3, 7, 2, 8, 9, 1]), b'ogmubhkacdefijlnpqrstvwxyz']
230797900349192895903069076918919059130913472979535318979092230797273190582307979097273035362319130897355904902315090623459089790923531797279891329030979196319058,[array([9, 3, 0, 5, 8, 7, 1, 4, 2, 6]), b'bstdkyacefghijlmnopqruvwxz']
3454960770542702051056702450750502455616960905702054742539054345075411602631096105452055436390574570205015308702053702050153080205642010530514137457020509,[array([0, 4, 5, 7, 8, 2, 3, 1, 6, 9]), b'itzbndacefghjklmopqrsuvwxy']
4928278202147345149282743382592120272120272647272721820127214726281121192120273849282728545127529492827475001112827472749282749472721145472711127472702132045463823212313058,[array([2, 4, 1, 3, 6, 0, 7, 9, 5, 8]), b'sizlxmonabcdefghjkpqrtuvwy']
083454453534895338953560833039480845445208344865690834534954848745686083483562534568608377805682083565348248984544908356264865694083480568256868449253389457,[array([8, 5, 7, 2, 6, 0, 3, 4, 1, 9]), b'jubtaeqrcdfghiklmnopsvwxyz']
065437583745313505413739531673705507055310114505741063517107363537663517107360613997351710736063510635071073637393716614107360613997353517107362370713517,[array([3, 0, 6, 7, 1, 4, 5, 8, 2, 9]), b'tharovbcdefgijklmnpqsuwxyz']
47687749347494065279634540416848924168606594794729654965684540474062404768406249656894840496568594126845947604965687062404149262268602684134596368734749404965686741409604396363,[array([6, 4, 7, 0, 8, 2, 1, 5, 9, 3]), b'mzvijcaubdefghklnopqrstwxy']
92943976295606592429294360929739826161912392256526397609164912632979497649260956263949294361912949790916197946491979391976164926060929736191263297609219294939197983936294932976823,[array([9, 6, 2, 5, 3, 0, 1, 7, 8, 4]), b'ejdqmzfkabcghilnoprstuvwxy']
4219627949128724962725242191962794913420279723972786790977988894912194912024486919690724949759024979121965428572794912872496842391977982788973914526253944594919449698919072491,[array([9, 2, 8, 6, 1, 0, 4, 7, 5, 3]), b'gqzxaoscbdefhijklmnprtuvwy']
1729232015152920026625204102016161727152920026625204617242015173102010481315201615382326162915292026131615271719152920192628291520171316281741519262015291529202920319151631041920261016,[array([2, 1, 0, 7, 8, 9, 6, 5, 3, 4]), b'wvbpcjadefghiklmnoqrstuxyz']
30603135532303496065696539623867564613060313506056730383261061321613461683231343032313576761306031350605673064313438500346157313530376530600313962031686961676516132539646106167560,[array([6, 3, 4, 9, 1, 8, 2, 0, 5, 7]), b'jyvqksabcdefghilmnoprtuwxz']
037309443289091301408843289294432360373030328349632919443236432140883032834963291944323635919036944329734738323003730109632944323663270981329443200949198194343743436,[array([3, 9, 0, 2, 5, 1, 4, 8, 6, 7]), b'axjshlbcdefgikmnopqrtuvwyz']
73687575571414348164174453435125955859363417834736710103534557341712593435101932475571414164439125912353234175573417823875144551771443417455701645736241535384124,[array([1, 3, 5, 9, 7, 8, 6, 4, 2, 0]), b'dziaxebcfghjklmnopqrstuvwy']
3455348835826272028353426382453838553424524538202635824382857382138724557242892452725574273997242724538385534883426347455342452453853528202724527952785727738273634262835388,[array([3, 2, 5, 7, 0, 9, 8, 6, 4, 1]), b'hnzulkgxabcdefijmopqrstvwy']
278070432107260827242405072327404279240562442624040782721074082427240507014042432448072792405072835030789272609072408272424050752708092607091243270827924056292727269272607210726,[array([0, 2, 7, 9, 5, 6, 3, 4, 1, 8]), b'bfcyiuadeghjklmnopqrstvwxz']
6865116262610407564620264620467073655046162286407058646182626167625865075620264265096261320763098640705864618671962226258696281962620386462636462040569657556465036230704864,[array([6, 0, 1, 9, 3, 7, 2, 8, 4, 5]), b'zxfmltysabcdeghijknopqruvw']
573038012232513051303243213750383630315073013743254503165130325715132545057303837139325130513032703828503031507301543138515730385710393251302523865130325731634503836513032573168,[array([3, 5, 2, 6, 4, 0, 1, 9, 7, 8]), b'unblajcdefghikmopqrstvwxyz']
1096718714658864181819671469675101093108896459571756714176710915671094156714547187146567176513146710969714672671469714036367177101096788714630769109641767788179317650,[array([6, 1, 8, 5, 7, 9, 2, 4, 0, 3]), b'zcohvysabdefgijklmnpqrtuwx']
92469303431301253726677825389313037289302968303431924699242531258253730831256753728537373031283053728303499246992425312582537302730263529653753728537303431389312525938,[array([2, 3, 7, 0, 5, 1, 8, 4, 9, 6]), b'kjixbqtacdefghlmnoprsuvwyz']
26409032924072124092809242509264264092826249804092428409240903080925092642640901926409240309282898072308072923632626409239772901264092308505090740926324809264321280807090729238,[array([0, 2, 7, 9, 1, 4, 8, 6, 5, 3]), b'xaqhnbcudefgijklmoprstvwyz']
236858576246968231281426823514636857522146362467625216052531675768125358585768525253570512368231231268236953506825351524685252523160605857536053467362526319352,[array([6, 5, 9, 3, 8, 4, 7, 2, 1, 0]), b'khwnztabcdefgijlmopqrsuvxy']
828281523201726920170171319261915715232002089920151523200208260197152713282813191571523201428829202717731623201929201523201726920170297320152326152320171523209917201513171982582619,[array([2, 1, 9, 4, 0, 7, 5, 3, 6, 8]), b'vksobmjacdefghilnpqrtuwxyz']
2017920281714317179201780025142425918015975091556925151420142419252628252017920142014241892525014201705189561703262520025152814201717141820179201424181413172014052017925170,[array([1, 2, 5, 6, 3, 7, 4, 0, 9, 8]), b'ruclzeabdfghijkmnopqstvwxy']
3435873230629981393239926581300343134323962132653435873286965623086969323992934373502621326531626793413281373267327321035329035806732346234303234192353437351326565,[array([3, 6, 0, 9, 2, 1, 7, 5, 4, 8]), b'tmynvpbacdefghijkloqrsuwxz']
7056536737674534471517856547653568544925686673762565347653515670356926737673565917154786737653765670854656767819713954467376735659171547867376537656708546562767653761713,[array([7, 5, 4, 6, 0, 8, 3, 1, 9, 2]), b'dtvumlabcefghijknopqrswxyz']
42787245072480987545046467245273262078046720737287245246873484278724527942487572841724524607848841243987172078480714246460730727245268734827372452732841728724524687348,[array([4, 7, 9, 8, 1, 3, 5, 2, 0, 6]), b'qozxkeabcdfghijlmnprstuvwy']
52566654072657070458013580254076085225852095666090352522540735440704080704073960763202520954076035220252090752575457540760152025209045723603073960402608033260253585452665253,[array([0, 5, 6, 8, 2, 9, 1, 7, 4, 3]), b'ejrvkxwabcdfghilmnopqstuyz']
0082896082718282706857174798982528268089827174837989828037900748384603847989679798982006282467000670840082816798982282847974818279898227989827667982271748379898285747682272747485,[array([8, 7, 0, 4, 2, 3, 1, 9, 6, 5]), b'vmriujabcdefghklnopqstwxyz']
685863042828081874280834033468133818549438240878746405864240868238043874681868082341342808287834042805387874940423381854943418187468681854146874640834233818549435858680874640838781414087464086,[array([4, 8, 3, 0, 1, 6, 2, 7, 5, 9]), b'azxfpqbcdeghijklmnorstuvwy']
9879581789150858396264622639626467898406089670836389814956384898978963849626384898350565896089551659528321962564087600638392087649832638489638365899463596278789,[array([8, 6, 5, 1, 9, 4, 3, 2, 0, 7]), b'rgofznabcdehijklmpqstuvwxy']
549613567457939389698589696698775298445779856896158965135493525849854961984569396150775293935896515654961563966578509845658965096545271575693775293935156396611561567757150,[array([5, 9, 7, 1, 3, 0, 6, 4, 8, 2]), b'sryzuhnqabcdefgijklmoptvwx']
25959045659154564515656075123566060856247012220456512356703010856585635601220608567065114060408042222085875156590601585127515921580608511027515610818031722065703425959,[array([5, 0, 2, 8, 6, 7, 1, 3, 4, 9]), b'aqgtivsbcdefhjklmnopruwxyz']
0764729356678903030313238972038032767872729353536747272935667890303076797275713520323003803276787272935353179713205703272972935357803272972935307971472794353032235717293535,[array([3, 7, 6, 9, 5, 1, 8, 2, 4, 0]), b'xhmqjvdabcefgiklnoprstuwyz']
595103535878717905653737259735351787679535951035374535887259735351537159805053595103535059353738515352530717496537478353527858729797876745973878851535107352785851537153735372595379,[array([5, 7, 4, 2, 3, 8, 0, 1, 9, 6]), b'zpvtajybcdefghiklmnoqrsuwx']
07828768760782381407078285054020787403420782304859609028562024040485698707820782858140283185849096850782409829607240286407078503048590383070209607858387032981685824483,[array([8, 0, 4, 3, 5, 6, 2, 7, 9, 1]), b'oyvsfkabcdeghijlmnpqrtuwxz']
6429033846642642454895961479096345104564245589764286696903645642469758978971584145642434845342424638965897191429534542458966145938966456424396955642454895961,[array([4, 9, 7, 5, 3, 2, 6, 0, 1, 8]), b'gmsvtbdacefhijklnopqruwxyz']
658769226945456061456996147767616169417676276062249626976776761454347606241607674384967624574143765616869961416941743767616762416043637676140614143632267434076743862477626347626960,[array([6, 4, 2, 5, 0, 1, 3, 8, 7, 9]), b'yckzqutvabdefghijlmnoprswx']
048970739700429789464234872700794194034342348048957970794934842134607946420071348370404073943073420484842463467970410489719797143904830739789439490427004894337040,[array([4, 7, 0, 9, 1, 8, 2, 5, 3, 6]), b'tekqcsabdfghijlmnopruvwxyz']
98654520515156980985754510516529097056532109857545105005265290515665290925754569800945698157535498093500565192535449451985698051206545165290253565752569804549497652909452051,[array([9, 5, 0, 2, 7, 8, 4, 1, 6, 3]), b'epxvbyacdfghijklmnoqrstuwz']
3472783976704783472783278767130726797917679707578630783238780347176323472788130726797926324723670347260632281609476278616700303472783236703472688783063072783678323076713676769,[array([7, 3, 8, 1, 2, 0, 4, 5, 9, 6]), b'zgmncbdaefhijklopqrstuvwxy']
91612871568616014878213858478598968498216169861385138584898715698260148782138584868285928613982131687529244898782982601487828584151415868278416982601487828584151286168438482,[array([8, 1, 4, 0, 5, 6, 3, 9, 2, 7]), b'kufdmabceghijlnopqrstvwxyz']
3137561372156381587630544593731158374373231747343431005137563058593875965838734345850173954459375938115610162164593864138175659743038175651659385938641175658,[array([3, 5, 0, 2, 6, 8, 9, 4, 1, 7]), b'cvibjneadfghklmopqrstuwxyz']
295030129503244042304290301290323030704012925080380107240329080326425010857303032980107244806032104295080380107248040726012925080392524526292955724036321042950401295040103525262403,[array([0, 2, 5, 7, 3, 4, 9, 6, 8, 1]), b'hzfpglabcdeijkmnoqrstuvwxy']
7624575403282458757678205240476762478845575762434784787578212007576874757624555557609037507528762478842402376455974507657406782037507637875476240757624545,[array([2, 7, 5, 8, 1, 4, 6, 9, 3, 0]), b'euqsbgiacdfhjklmnoprtvwxyz']
4131891964161854135952599191718191416319599199525461941318141633599191052548596571659959919634161375222191452859941318599192257191359145285994131863195716135991910165922,[array([1, 5, 2, 0, 8, 9, 4, 6, 7, 3]), b'jkrhasglbcdefimnopqtuvwxyz']
65439143916546404390439645798462619846652643912971968469865464592892424391982464003654698439046989242754602982968434196469765266546397469846654675469810434791,[array([4, 9, 6, 2, 5, 3, 8, 1, 0, 7]), b'tahydubcefgijklmnopqrsvwxz']
45959092978974595901959054668343988745464745959085428929343292974595904295909098436904389790459590329297459590939891577917459590939197917843529098422439148905459590326914890,[array([9, 4, 7, 0, 3, 5, 6, 8, 2, 1]), b'fkmrbiacdeghjlnopqstuvwxyz']
0204432353532237592810506809044370631093699090406902093707312832937350405028023637353531901370609106042093699370731324323535690805329093707314323535690704204069370738068,[array([3, 0, 7, 4, 1, 8, 6, 2, 9, 5]), b'vwfybmekacdghijlnopqrstuxz']
6892551334975514926897881651492684371637169543792816129212731494981292149841412841668954315816129205517948392933928949737169789212923973931244593929488,[array([1, 9, 5, 6, 4, 7, 2, 8, 3, 0]), b'ohlnveabcdfgijkmpqrstuwxyz']
804198686404698580474033838147385817407383414080804147934140664086864085436473414747407341478786946476641478147341838566980346814793474340734147869743834934163793408240363,[array([4, 8, 6, 3, 7, 9, 1, 0, 5, 2]), b'gtnaxzmbcdefhijklopqrsuvwy']
4957319031343496430358466438498914634353292836496353498495791383549696929531913598436929736383195253443635329283234923630984957663598384343430959290913849131496913835349287,[array([3, 9, 6, 5, 2, 8, 1, 7, 0, 4]), b'bpgrqdvacefhijklmnostuwxyz']
175757180337181710173257180303176273097180372032727503748175750503174712730874803061717180303718247481757105031710378782781730673035503787481757171824050317337627803,[array([0, 7, 5, 6, 3, 2, 9, 8, 4, 1]), b'wcyozhuabdefgijklmnpqrstvx']
835083003056575635489775753865957430077575359538110893818189565689563818783508300130086575952689157598138187508300838115989356898352381870377815786348381895375781775753,[array([8, 5, 7, 9, 6, 2, 3, 4, 0, 1]), b'pqhbamlcdefgijknorstuvwxyz']
8121347342842317812138134947151345134813426460481320432812131701913317812134204319846048938121304747130480431913317812133431304281213047471304804319133178121338121348,[array([1, 4, 9, 3, 7, 8, 2, 6, 0, 5]), b'joztdqabcefghiklmnprsuvwxy']
8607838785028902860702378778104878110570402070220170405114020178728520401402078103012868902027048607020570187868118607020228986072040186070207027090786860702890281185287098902286,[array([0, 8, 1, 2, 9, 7, 6, 3, 5, 4]), b'faqikvcbdeghjlmnoprstuwxyz']
80468034985808283740468089434085450808941828358089804141604085808082342589438385808082381358904083689498580808234168545403837400682834087404568640835898940496436589838585454040,[array([4, 8, 9, 0, 1, 3, 5, 2, 6, 7]), b'jczriqabdefghklmnopstuvwxy']
36549224304004041367160694834862696949604036262040417424169634167486269226548676914241486967414043136549604036262424142676924165741336260690404161674365454169480404145696341653650,[array([4, 6, 2, 5, 9, 1, 8, 7, 0, 3]), b'kjxmuytabcdefghilnopqrsvwz']
421713138483616461848121361713043164801319471246471213613848184800124613848164819018040474381322134840248181347121384818480186138013138481884721901834754813642484216654812,[array([4, 1, 2, 5, 6, 8, 3, 7, 9, 0]), b'pkohlfvabcdegijmnqrstuwxyz']
608109717276080187158020172025017285901725097374047109080415767608106027408657156874086571150474609717278727676208730971727374047109710172728520456809710172726749710904,[array([7, 0, 8, 2, 3, 1, 4, 9, 6, 5]), b'dyjwcgnabefhiklmopqrstuvxz']
83606982576962517198169581646960484691969614808358783185578360696385816469480462836058780698018557836069638561606364385696260484691969834676962482419719656458519158569846985,[array([6, 8, 1, 9, 5, 0, 3, 7, 4, 2]), b'fzojdmabceghiklnpqrstuvwxy']
14053070205021317080539028129891560312914090505158915631271502131713053517891512091277028161707717853031712912028915120912776171470503124121715581202130213177050315,[array([1, 0, 8, 5, 7, 4, 3, 2, 9, 6]), b'aslfuvnbcdeghijkmopqrtwxyz']
01876708070761918101210747867072687810747018737512127675705786786681514703780187670721812107212149780148121074786813787075747876721214668151470378107470141068157078378812728701657814,[array([7, 1, 6, 8, 2, 5, 4, 0, 9, 3]), b'mszvqabcdefghijklnoprtuwxy']
208186902523295258784324298025272686268086232986902583299086232586292042532486232543842726838734481862527298027862325248481268686232584253242552580232683892529862683038086258987862620425,[array([2, 8, 9, 0, 7, 5, 4, 3, 6, 1]), b'gczvlokxabdefhijmnpqrstuwy']
038028029880368496808944407970207787026780301940544496939296939207020294059589510540796930293059607038989707039408089370394808449349649687494414879405959319530280547,[array([9, 0, 4, 8, 2, 5, 7, 6, 3, 1]), b'teqzsyguabcdfhijklmnoprvwx']
8464093934061984001409643402904029343146469840974546400191921260409893407929540019192126934314646931011464690122409891414097454614814529395019192411469340460141919890019314740,[array([4, 9, 0, 1, 8, 3, 5, 2, 7, 6]), b'pabzqncdefghijklmorstuvwxy']
24737939993524397246693521262124662182971453693021299492624213695992621302439942124399292734596693972892621299277293521306621829307243992927393431393453426399728926,[array([3, 2, 6, 1, 5, 0, 9, 4, 8, 7]), b'xlsgemuabcdfhijknopqrtvwyz']
281696508689863645916786876961527686486386927692776867567690808569086820737646908969027684690569690896705212128808564203764690827642512306763854276824,[array([2, 6, 8, 3, 0, 4, 7, 9, 1, 5]), b'efhkoyuabcdgijlmnpqrstvwxz']
548050484046105735352052574536918484828081525080535284805018284808352505398084138952836528952811389875281525050914353980891052834578987818035353913835250539153864530,[array([8, 5, 2, 6, 9, 0, 3, 7, 4, 1]), b'jshynkiabcdefglmopqrtuvwxz']
80424678136468134081854124733474785724646813504785283426464581289803814582834681508324702408234783454681854678120812476454682857542824645834542404564681347858080854681838550,[array([8, 4, 5, 0, 3, 1, 7, 6, 2, 9]), b'fcezwnigabdhjklmopqrstuvxy']
967136418107967686910810135106846896713689513691012967676264641015159671318106895134676462641810196710564181086410151557624177691896494641862856475136264181068106418567268,[array([1, 6, 7, 2, 3, 0, 8, 4, 5, 9]), b'ygfjruiabcdehklmnopqstvwxz']
076909620286808646861046364016202046786908096416802076363030461904073020409869076363620204764963090164907786269046868656962640763636907628646968076909620204696802076363620204046909364104,[array([0, 6, 7, 3, 9, 4, 1, 8, 2, 5]), b'wcrqmivzabdefghjklnopstuxy']
7393568639081817393587306363118513439350803562358130873563531896717356803043630686823930373971187739353048108584860631823567341473971853535773935243031353641185,[array([3, 8, 7, 1, 5, 4, 6, 9, 0, 2]), b'toqrnxabcdefghijklmpsuvwyz']
0974548959192182921814697921467846914647954346959092954892146579704195419046921467469792469146452979295921461959054695485243959709745097459146882921204346509745295197,[array([4, 9, 7, 5, 6, 8, 1, 2, 0, 3]), b'ysjwhiabcdefgklmnopqrtuvxz']
5359731417591359185353412732147418531956741853575914145059359137184193531917571935014537575745259174185391905319175719350145375757414056565913919052134350534120318191259,[array([5, 1, 2, 9, 6, 0, 3, 4, 8, 7]), b'dyvunicabefghjklmopqrstwxz']
4816507599085102562636246449965016507507020907692025626548164026507070204645254626250470851408086507530702596920256265624816507550815262481650756232027562,[array([0, 6, 9, 7, 2, 5, 3, 8, 4, 1]), b'fbrecnadghijklmopqstuvwxyz']
6340830180140477678086903037681616816268090369167261096908690408767087693016908763696401046980146820801367036803696908769046917670303869169697680267176916768614208018014,[array([6, 0, 7, 3, 2, 1, 9, 4, 8, 5]), b'hgnsxuyqabcdefijklmoprtvwz']
949194069494579651919294877915456092687540919689254919091903540922915719487909154277079491751098916575758541069491547657035409409009297657948779191971575491569154,[array([9, 5, 7, 1, 3, 4, 8, 6, 0, 2]), b'sfbjitacdeghklmnopqruvwxyz']
54962505698569642798969857450450566549623546564796544454915645054962985490901857563419647450566814505790674505691525604549494450569056905444579651905796505691505654914,[array([5, 9, 4, 6, 3, 1, 0, 7, 8, 2]), b'tmcupobdaefghijklnqrsvwxyz']
5789595254151951895986486565183454775648315156405186465125152805177565786865657898756578051151544684528989516845798449518959864845289895168486465125152805157848382256573575289,[array([5, 8, 7, 3, 9, 1, 4, 6, 2, 0]), b'xglyorcpabdefhijkmnqstuvwz']
3512427592132028595458356565929282431138592875929359292850285159275159543212759112136628245132751351242035111548292756242756212758628565028515950275929292720351242057212958285458628,[array([2, 5, 1, 4, 8, 6, 9, 7, 3, 0]), b'xkflqrabcdeghijmnopstuvwyz']
7676364104768310691371515106271071510623321936710646710623197327431410764676876715764631867106962646860691463641964606056960606919106233196264106231415693173141062691806931510,[array([6, 1, 3, 2, 4, 5, 0, 8, 7, 9]), b'ezcfgkabdhijlmnopqrstuvwxy']
1380308656357389895452848986872579868162112168681528100818721686563621148157578187541594810548653211818651386562862830818356386833054895681848681454308489257352,[array([5, 8, 1, 3, 9, 6, 4, 0, 7, 2]), b'nekdfrqabcghijlmopstuvwxyz']
476199131279273197441419757692913127412730476918227591476929131213141813846744761913121918127447619102723127991312729210272121476913497261327574127246512161479791219,[array([1, 7, 0, 9, 2, 6, 8, 3, 4, 5]), b'vtoywpabcdefghijklmnqrsuxz']
12342818655428114281861433834261833081464281862851278661986312381866183342818642818328960818385811438683454946668378786083428145862143864946668378786083428189463,[array([8, 4, 5, 6, 9, 1, 3, 2, 0, 7]), b'fsvadnwbceghijklmopqrtuxyz']
1879367672883587972323036557985872593676723072367648703018793676430301884870311307647993253436767234872436767232718723136767288367672367648703031764747631723272306571728,[array([7, 3, 8, 4, 9, 2, 0, 6, 5, 1]), b'nifvxpoabcdeghjklmqrstuwyz']
97327871585124725678787252071735170495852715678720956735159747856973205137971278720973295858911712787207273974515874715159525851671973252717356787209749727356515072195671,[array([7, 5, 1, 0, 4, 8, 2, 6, 9, 3]), b'lmwxdbacefghijknopqrstuvyz']
070203044353030451010253070704352545184525307024304152510951013090453075851535207041540207095702035258510153070210233040935407047070438020451080451530249402530201530702707404353,[array([0, 5, 9, 1, 2, 3, 8, 7, 4, 6]), b'pmlsbcrqadefghijknotuvwxyz']
24150524647495000500495342150640487475243504350475259525004840040534249407507474740043140050424752247434253624141505249753606400434150524350524850577475246477504751474353041501,[array([4, 5, 0, 6, 8, 3, 7, 2, 9, 1]), b'nrwzltqmabcdefghijkopsuvxy']
938587845862879385878387195929690843866969093858328684395868339084939685832859617968403969593938596902868187909593963969069383829385969068793858758592839593938777909547868384766,[array([8, 9, 6, 7, 2, 5, 3, 0, 1, 4]), b'blmcdgwpaefhijknoqrstuvxyz']
8390249083023942424709839072398758902083783902470832123868390256212052009023989675572021242496909028908395218094683780257557277979030256218652496909028,[array([9, 2, 5, 3, 8, 0, 4, 1, 7, 6]), b'fhtivqaobcdegjklmnprsuwxyz']
51236514912714914537677519371496591269149465577512325151593054771494719769947924969157775771912186914905769941972670951232515159691417674691499,[array([1, 6, 7, 8, 4, 9, 0, 3, 5, 2]), b'sbremdacfghijklnopqtuvwxyz']
37408049826224939484666242845319837408384622315894146328373142837404606630408987466646962304623040494140404648428804884648304031324089464928484593132374084884648,[array([4, 3, 6, 2, 1, 8, 5, 7, 0, 9]), b'usjevlnrabcdfghikmopqtwxyz']
82371242671717923156079979738257982421262371709212507982879238242170892624076237425767406555762371823717667076117971811607902126247955079979607955579979247666762374,[array([7, 2, 5, 3, 1, 9, 0, 4, 6, 8]), b'yxlrhktabcdefgijmnopqsuvwz']
711079997971646172780627996837361162723617860971706861787879161607871787860106861650798260787899797161107172161162375399607360729979160796499797164727965686178611617471610616078,[array([6, 7, 9, 0, 4, 2, 8, 1, 3, 5]), b'dtxlbnajcefghikmopqrsuvwyz']
0995603519156303519193252062035660956092099960351915461035191956309609960351910927901098915192069095356069092760953790907519195999079701303599320698,[array([5, 0, 9, 8, 4, 3, 1, 6, 7, 2]), b'edjsromabcfghiklnpqtuvwxyz']
3717567927179795797575983713717576857279758372806359847582972767959857553667198080672898972718098067972857663857479371758367971679637589372758067289679707955389579794,[array([7, 8, 6, 5, 9, 0, 4, 2, 3, 1]), b'hlojpkabcdefgimnqrstuvwxyz']
467454925254045494654023054740214048402323482120254749274004027462749547464564040727434623402746745474021404340498404527494147548202154714954746745462120274046745146276462854904045,[array([4, 2, 6, 3, 5, 0, 8, 1, 7, 9]), b'bqtyvwnjacdefghiklmoprsuxz']
36964638985606489850046085636489264898563212818563283836381648965608561658178523656964648985102785658264636589656962176281858065696484628526481180812602658264898585089851812601,[array([8, 6, 0, 5, 2, 4, 9, 1, 3, 7]), b'pqakjsbcdefghilmnortuvwxyz']
09040388260390503709242609303970326282109040341803921803212426041051090304039212126018760392121039703039041880412724210503921781050440396292721082109296742188880482405,[array([2, 0, 8, 9, 4, 1, 6, 5, 3, 7]), b'rhfuyxgabcdeijklmnopqstvwz']
61510910194910188914444440394391432103043710371014391949391518301830194944409151014739151949391510910301514772439142151418919147719943739151015101416419142444194440,[array([1, 3, 4, 2, 7, 6, 0, 9, 5, 8]), b'onlwurgpabcdefhijkmqstvxyz']
1906313976094976794606093490976759160636021949760636890156768243192602219063946819167686267671639168909760946063689097676068592609167456056864909115621597494190632492929822,[array([6, 9, 2, 3, 0, 4, 7, 8, 5, 1]), b'pfqobzsacdeghijklmnrtuvwxy']
4786106165454786106124206134243342624236061693147654234742478616943865628106165362806545476561455454384243163683424712476104786126361458954712476104786145406506547,[array([6, 4, 2, 0, 1, 5, 7, 8, 3, 9]), b'fraughnbcdeijklmopqstvwxyz']
4010171349722134921321772401371713497404576494210347124213497134947124861040134974045764951613134972213492132177240137171349761847174713134971349471248610401349761847174713,[array([4, 1, 2, 0, 8, 9, 7, 3, 6, 5]), b'acxvemsbdfghijklnopqrtuwyz']
9715811505271781185698966856537154731178765287854508565076478765478785887885650185698678725054785887885650111567897650856505196650589515178765853715487856537370797670787350,[array([5, 7, 1, 8, 0, 4, 6, 3, 9, 2]), b'mtzflxabcdeghijknopqrsuvwy']
30945370635603509537100308432692320635523596603189492328315237985265089434259837928535966098632379869235313705949258523798526560903732928563153719837,[array([3, 9, 0, 8, 2, 7, 1, 4, 5, 6]), b'sohxrltabcdefgijkmnpquvwyz']
273569714304843571434276468573715785694327379076794004276464976726246497672254073765455482737250402710764971430730046764956725435457649714307172260764960482545248,[array([4, 7, 6, 9, 2, 3, 1, 0, 5, 8]), b'bqikzeacdfghjlmnoprstuvwxy']
65150394545164315783431305039665150981431865183993250636316515034505723450598316257576515002345831257983458395031318399325063631303662396515083472363425732454516,[array([5, 3, 2, 9, 0, 7, 4, 1, 6, 8]), b'odwmiytabcefghjklnpqrsuvxz']
95419545611240909541979047411908419698904597401474112479540923395409040147840741979540633979047905741977547141979047454142435989041971479545196969040290214795454382903390892,[array([9, 4, 3, 0, 6, 7, 5, 1, 2, 8]), b'pxgybodacefhijklmnqrstuvwz']
2635360929296944913092294313536989596379431353896914092494313536989596374357303890263536092929694323595091940235919096379431353896914909403238350924963794313594032383596374357303890,[array([3, 9, 2, 6, 5, 7, 1, 0, 4, 8]), b'kmwvgadzbcefhijlnopqrstuxy']
248012107048296125092854048905040701125010112812825604428092875427250521032617210301250560112812825604401128070427250521030112827250525056011281282560442617210301210323046,[array([2, 0, 5, 4, 6, 8, 3, 1, 9, 7]), b'jfduzhkrabcegilmnopqstvwxy']
4908374770546054342424308941609050809090848080142364602642743490837024794867026424602096424647741427054341508355084941084345909096420608477054602096424150835508490964247705,[array([4, 0, 5, 8, 3, 2, 9, 1, 6, 7]), b'ljrkuphabcdefgimnoqstvwxyz']
6185690485536781828064561856185816169624081369918162826283699826248173826283858265816269618785826356122582189818769181823369062835624896382336963826156280756248722189827,[array([8, 6, 2, 9, 7, 3, 1, 5, 4, 0]), b'qflsmiguabcdehjknoprtvwxyz']
423565051436505647373405173035714657347464325856851500588564746434051756474650136835647656473436008514335850565143340517464251514940517474643524656475647327356477350,[array([4, 5, 0, 1, 7, 6, 8, 9, 2, 3]), b'dpracqbefghijklmnostuvwxyz']
50473873793873135273365879835272523510584735272517127321735473537287258735472745845847370387172517158361451358584736511707372515847451072517174507470708731737456732136,[array([7, 5, 2, 1, 3, 9, 4, 8, 6, 0]), b'bcozhrugadefijklmnpqstvwxy']
462126481767648176551776012560601768919171219514177560177564885685626067683188648464946562494604196067746018465655171247427564864817565125606056831946456762,[array([1, 6, 8, 2, 7, 3, 5, 0, 4, 9]), b'hywuipabcdefgjklmnoqrstvxz']
3021469752847975375257607320252920733702504691232870206928212870792570282107675076787828252829752821269757828292825742821428370303062823761676212874280370292078257075252870970,[array([2, 7, 6, 9, 1, 8, 0, 5, 4, 3]), b'gufznkmabcdehijlopqrstvwxy']
4630989354789423829404942478947404230946304769388484740847353247742303842899483889399383969424746314230454238497314942309941316738893849730384131493274749938664247454238497,[array([3, 4, 8, 9, 7, 5, 2, 0, 1, 6]), b'redzkqplabcfghijmnostuvwxy']
9795959445437953520079587053452353495905395234252305205345895358760073792879535252348447076427297147151587474795352523459406704740527249525279590537107676249,[array([7, 5, 0, 3, 1, 2, 8, 6, 9, 4]), b'ahgmfknebcdijlopqrstuvwxyz']
417972636027263872836097164637960641228458456078631372655517130135696097196463369972726387279697263707169607246099726360557913758456087272636069317946536085,[array([6, 7, 5, 4, 0, 2, 1, 3, 9, 8]), b'dnlmorsabcefghijkpqtuvwxyz']
0633376394777474045650406363409459840450476363474326069654534740913990760456567657260457741376734360456545653684565745677636347145653634726147404547074140236537245,[array([6, 4, 7, 1, 9, 5, 0, 2, 3, 8]), b'anskfrebcdghijlmopqtuvwxyz']
12822291292912129621293859790852969387286938529278685218211979583969685821191829385128728693851186938597909393851211979583962927861186808096858211938582829112872869385811291121197958396,[array([8, 9, 1, 2, 7, 4, 5, 6, 3, 0]), b'vadzcpjxbefghiklmnoqrstuwy']
02616542640424469084205681076102020720104334020424464042610202072012616942161650169080768046407468046707650207769640420420104530704368616961565401307690807108613075610144,[array([0, 6, 4, 1, 7, 2, 5, 8, 9, 3]), b'iwcnbvxladefghjkmopqrstuyz']
12191619535025654465341852521250195952505352961313161917617125295341953505653425354191398196617123196135452019650501975250126171281914175235346535256505019752501225453505619,[array([1, 5, 2, 9, 8, 0, 4, 3, 6, 7]), b'ifybhwacdegjklmnopqrstuvxz']
159043086876804978273955978438659738653868197847908681086955924819738643495595548222394828158794958186493597943879469782386229094958379659587503158794955849482,[array([8, 9, 2, 7, 4, 6, 1, 5, 3, 0]), b'xsaubetcdfghijklmnopqrvwyz']
640790727037043487040071630454604575721349454607296070436367541454579675070430727094549640072607270491787207164637072704304587071643431707969624575072707541454579,[array([7, 4, 1, 9, 0, 5, 8, 2, 3, 6]), b'iwtvbysacdefghjklmnopqruxz']
53965645875853979498585634580539292345898582575396494965698585653965657298330539656572949852945051397535252298565196543234587585397949858257537539634533519725734585396545892,[array([5, 9, 3, 0, 2, 6, 8, 7, 4, 1]), b'twozpmhqabcdefgijklnrsuvxy']
