4705216042364047872210058578470524521224323573010058530044053253834232574705217224567424537423257648470816530342324216724633470521640362172247742334236521,[2 6 3 0 8 7 4 5 1]
28051681126427071280278717215420707217158270554674704247823578482474881247112837280648102371537737481063021732028481121635707537324783270648106811264718320516,[1 3 7 0 4 8 2 5 6]
615728346372612282036050637014174703707574827063701417620548526574762003020646025683705046130305482266583705065612626821358200050774812273172030411226658,[2 3 0 5 4 1 6 7 8]
8052374583648580103373648656236633218565628366816610458566218462836685642656261040804662042651742656518718050628366174663608464610170338864623630465665837,[3 4 6 5 1 0 8 2 7]
47516758405531233460568081418544065753121463200450543818027853584055312304875786540443415538408050664674381850543818020576743570814148020673260044575438180402,[0 7 5 3 1 6 4 8 2]
73062532264715282273126531617506454827183718431867288607820650270826808832253227513272751680810770723818383225322751343180828647186728870784822676471725,[2 1 8 0 4 3 7 6 5]
541867466825076366540687630654127466570308454186746682507636654068740805766536386306828286708313630151531805133534518250831354168250876401828385633540685403,[6 0 3 1 2 4 5 8 7]
160523622110132376210472381153762512451244574221472521015458174142474711041605236221516021105475747213242216721045244121605746217421523025765608384725810576,[2 7 4 0 8 6 1 5 3]
8034723784351835551720778275603270157207782756032607327781832607320778201574755468158607035187568035580178354875142077821746834723346406803478472646878872,[7 1 5 3 6 0 8 4 2]
86302162280460640281264305070827782775821562316228147563281430506757474074088215623132837267407378572647438377863021273386474280140737085873802142873807,[2 4 7 3 5 6 8 0 1]
43156036645735488184758323483434187578852478568764740323478746545848352584686514684742823154688536541407460366407652415601152532431564560252464460,[6 7 8 1 2 3 4 5 0]
36524747264126701383084515245136536275557328272421018384641071412272770713841057740122637013841482627325451365356413647075613832365857542458057740673841370,[7 6 2 1 8 5 4 3 0]
3860148110235417113851041756338683507828031770571137510136307023573717575336731386237606323172817287153364663536313031731713142728673131753675146133857317131417107,[1 5 7 6 2 8 3 0 4]
468006201402068680162018724347286780351848782436270816627824362758867186524878687360267824362415065100684626524266268714020684363535851026626871584680450,[8 1 0 2 3 5 6 4 7]
138246441747147034731382463442014163441331011816815238411812460348634412310118121475777478820181652787210206344201514138246527871411437864415278757787,[4 5 7 8 0 3 1 2 6]
7352585235352130287352685835336213038827352230225132825231212686417868070485534003525302021220468503252121330238075485534153358573354525538153027522785722,[5 1 2 0 6 8 3 7 4]
5166254668676022746652467076674552167058650546020324453415166464434543445284586786021545872616824457654667860205754670587302413445646720224455154382020746,[4 8 6 1 0 2 5 7 3]
0417584550811052501212622183451850501042658256072705220305234650811737232622326702341034345462107642120626234381467500505204175811043085417738373067240523462,[5 6 2 1 3 4 0 7 8]
721470238504213557278618186415648055727361866718647086881348156186418367872738768727613578086881348156566863462352088162038813315173416517186721467186674687743,[8 4 6 5 2 3 1 7 0]
6568137803343676034821006240876580210084185878025308020158872763430617250841860336761572464313431006118413676656255878136437143100271011876436858414582,[0 4 3 5 7 1 6 8 2]
4501150452532425527300533510158513005127300557010053605214254703627640183065730055706552463005181007641214501830350501652134618385721836327065524635218363,[0 6 1 2 8 3 5 4 7]
05660505610261541508626887435500418626805673530505610263867330266285437305658305660505610261585668056605661854186268056735305056102638566805668035026,[5 1 6 2 7 3 0 8 4]
60345728486565150275126131624108046511681180236311656034210562138738486263656631526657534863708084863634868705567254863457205631257318068484131121516084841814208050,[5 2 1 3 8 0 6 4 7]
74823165257373034615748007303247373067875026203734030748231887060887624887030080273002603370632378720257603737874063162143371337063780257602730076054600308432030,[3 6 0 8 5 4 7 2 1]
73068238872186470682851750571653437858637871707705042821387051820872138678567855573068238864717878517053786386723887247505873075358573856465563165,[8 1 5 0 4 3 7 6 2]
750522765006568056360278640765006308240307404720646808231805756787062375155613563004262240528680026237514750567300406862507362255663675146402040650572,[5 4 0 3 8 2 6 7 1]
062431376002380622810278754367536605770626072721227543675183484820622107810822728243301823438062213431272628401204321706236603665136602770620622060823062683,[6 1 2 7 4 3 0 8 5]
6218522602064041620040686107121868106410787162006818174106731252041720873586730016200400672366720764087406218527200301620014787273135861011853087,[2 4 0 3 8 7 6 1 5]
287436028332750876145754153325132508767532436127535084350883360837683324828743683326180802876181232755374608376332276818082340453528743633227633212343514575,[3 1 5 7 0 8 2 4 6]
4256510175563757713771165651581755285417141612737572782854171416117308763671845471248186273471872737220251755451862737577134856237258082175524572248,[7 4 5 6 0 8 1 2 3]
2826445706627152646254626324522670808050326442014503821435383670662310364148060846637637634080326446638212627806575413538342053676440240364587541353834,[6 1 4 5 8 0 2 3 7]
342865671313273416368051472856680847880507686771367342865466332351472851468367367684342634286504625038730367046773677132836507042736718654046422367727,[6 1 7 2 0 4 3 8 5]
7064241314342352708071300865270801423180713007408564385313181402352402001085433113421802317247612011802130120378130437060161043354331528130318031371081135,[3 2 0 8 6 4 1 7 5]
05412752207340282048202108407440560765473184812040067400538031856512052308480541275220760541028317420538810288020282004848060185128824160407220867,[2 3 8 4 6 5 0 1 7]
086152855026508887502783612534873308437036051253707063086152855027061735500605255038053518713630533040853051406027848586150152485628550270617355006052,[5 7 3 6 4 8 0 1 2]
457018511406542315541314186470525156343785114811024641482517864141356470204134570185114065174513537401811431301325737285250413342456147302463013351141413603,[1 6 3 7 2 5 4 0 8]
38650703076623866208243860451843078346641826238662082838215084108831483000783150350504300883042386508035308603834673641826238682663868243863567830443381,[8 7 6 4 5 0 3 2 1]
30852102231802546432302521702256332047432302532456375832403754060532444524742546432425055650430852122312422307238454600556375742210223317548616563831,[2 7 4 8 6 0 3 5 1]
327501200314058375010620373735010247145632760433730324678102755810682405852827100327645012003350585205310031424301820712003172056860630335010563505852,[0 4 6 7 8 2 3 5 1]
2601747140026524656258327274367721817832678772627883201746772202152381278314772437223861523870178767208087185815238202652677431808172522086280467201083278,[7 3 8 0 5 6 2 1 4]
08357175133084018480462070712026862608040767036650762518770137035454521362670571782357663308787665076626607625713700565648030875606318770127083571,[7 2 6 3 4 8 0 5 1]
7486630884086246367375038754343754501884408244848443686413843754136754264128436748635766873486387542434806824764712377214816868662848038754343754503757020834450,[8 2 6 3 5 1 4 7 0]
7648021665231373175643726652885105286731756445651052646651365845644585753587451876264665136584870728870714548770216654647346773156516756475644584013484,[6 3 4 8 0 1 5 7 2]
08411840701410785184841176154837650121834141448582650121835152841504350465012182143218320483515038320464374650121841435465012102808411518320467884841122841,[4 5 1 2 7 3 8 0 6]
07188642768214171767582143820718828868071883717768127714535017512786872085357188617603087175637860601881103768687374276745110250183567420868071863416768818114,[1 2 8 6 3 5 7 0 4]
40358688463841471856088463347032617208035861587208004480736834352505084371852617208035861587208001573742020158743442714717737548774344856208360884633470326,[8 1 7 3 2 0 4 5 6]
675406530053676030675405300135167605720403523382335831504030252752403523382335830011676010475233527350043823358233504010521638475645275527823358316754516530,[3 4 0 1 7 2 5 6 8]
075181042776351467518767060502351263242464178238240312208145054602362432844647264776745427208722042751214278420327860508407480715104276532778728416036784212023,[2 8 7 6 5 1 4 0 3]
5403820538445868345154865146883130673867382736065156488288561273658684038505382736068031575058376147663586148486736065055406012705055167505382803150248852747502,[8 7 6 0 1 4 5 3 2]
681240844601842373276536343535661325356135462404127610781607841044634327653416311661640523136468424653381164321848425318542582842535635643264336427232765363761350,[4 5 3 1 7 8 6 2 0]
70145860557427522357467267527014580557861717214622524626402701458526738055785577061758055746015712252522124752271230621270145855725273223061712272526267712,[5 6 2 1 3 0 7 4 8]
71432042737877353725534387543402164081240122704438743556576351813725572725556408563774778567565545372553438745452587512272063545372553156544725635125,[2 6 5 4 8 1 7 3 0]
17321245823172022410412004672700685176001713003124826451687221837575140106872218305765173212057272001512024302286211605764614287574310646831203121311613128,[2 3 0 6 5 7 1 4 8]
57201318605723608186786882805188528476828572013186582851065823120452318271080678636528610518603634572311577113671528613115348151785684768518151361581253,[1 6 8 2 4 7 5 0 3]
476227540783264202407324762275264042785461866716340725571086518667165722325571367208513425286671822866108651866715040734202752640426278322462320858251,[6 3 2 5 0 8 7 4 1]
5812651226424163546101510776362121835610462725184621515122811045358730123851226512460323828110723848766308115032424518251512457241077636825453262386838422,[1 4 2 7 3 8 5 6 0]
6450047408055646843451347050824545034703515568470706860450545132363242765155412554224503645063035442745036070504545034703517541502308276744713607045647686080030,[5 3 0 7 8 2 4 6 1]
023117648080312572328227203640171232530362235176585032578632368045041858281432530157321551410578631541857512131231142353227653325768045072708257217076,[3 4 1 7 8 5 2 0 6]
8137024583654147151543665650505587634346242658028434676425634847116344164183870782165442638656542634250387802442363876133654814658702587847461546463456514,[5 2 4 3 7 1 6 8 0]
783447270824248627316338122827563465824754574270714058586531371574247834487362283457404470854846343386538247406673448540654806456453831063213284281040653731,[3 5 4 2 0 6 8 7 1]
41580252423451154655180620215831528454042548540484015283841588104017431560257625543215834878584158025255125821085221235178415854808581348788381585156571146,[5 3 8 7 0 2 1 4 6]
5062213870108701276832341087060212250622138701087012768434322466001816057234308610276506213506227220262523410846604456530506251535356815381535834108,[6 7 2 1 3 4 0 5 8]
50527338733580551462356237638733405686735127535322674532105355123180551462356237638673453257156502623415327476424532073750526348323355087334673226356256502623415327,[3 6 2 1 0 7 5 4 8]
1784678512846261487882715868286128256141862206221032138828282584828541785354545258828285128462628866828616578784676304623073171310484672520463022182812887520,[2 7 8 3 4 6 1 5 0]
52113467857641456128703160066734121455022561401531803145618060503104561142484678062784306135216350064841484145611146487673035105036521456114650287,[6 3 1 2 8 0 5 4 7]
5152338472254672063873835527384153854385072552460383078142801552488571542768010307300155775651307814285833232247225067520560782583383578024285583624,[2 6 3 8 1 7 5 0 4]
407780440104048407810408670047702501628387407040520480500450771171005004734044270250874143412384076850405283853731312740774120407316767710052838570647605,[0 6 7 2 3 1 4 8 5]
56833565412542145024368725602125464312543430020282135568122051502475831356068122008754345024360304642250560702544242455681220821730304642258254024470358,[2 7 4 3 6 1 0 5 8]
8486845183404622838864546215872118871306837211052818233838413843388176254081436731858304262138544541046414006711821587318804054623084385825183436731885462544024,[1 5 4 3 6 2 8 0 7]
705812475341267837171347534121577043705812131170417538178434170433871337686758426015263605374360430117840717134753412401717753562558683131817752601521173138186735852,[1 4 3 5 6 0 7 8 2]
8641167102517164624843435246715437467617873587624816515102037462414462734352467154374676178730852576806015463587624816515102032446371157864141806518641164662,[4 5 1 7 0 2 6 8 3]
706080458101285062214284712804247383127624287013825625701568231156342273472707128712827881457511512740454814083185127642216282211108701387128506351428424388,[2 3 8 5 0 4 1 7 6]
706330108022664126841312837535723050131284266072028764635600142660468022236327105370633102876463171704831252842660488063126338410737105303635350083,[6 5 3 8 1 2 0 7 4]
032173260521757042173242073276461616583624204007424187170321732125057207465834042246061030585621004632418574661830423587550676052368440735042030121748755008,[5 3 2 4 1 7 0 6 8]
210426373072381624501447871724381412430247582163324243026304566787132167450181034344230656422038103314422581263810363216745434421042637626381034203685144701730713,[4 0 3 6 8 1 2 7 5]
876843574743263038484328032414087248038776843051434648126303686368435747432630387768430512346084374487064104826146143448724803635776235758108353441744881,[4 2 3 0 5 7 8 6 1]
567843736767806183561663186064843123776207684312058186318188085678850343731512076843120581856788180805154586767806183567843735616346480762731576612716652,[7 0 8 1 4 3 6 5 2]
745567458612274587467545534413447144773344765747458725841260614471226072727685374556745866773227455344107321232607072552505574745872584126061447123260701,[4 8 5 2 0 3 7 6 1]
2187718781476818031147574714782610656285155218771376778774267723167218771473567471552187764141181274410358405881068231428035840588106588231477115675880,[8 6 7 4 3 5 1 2 0]
8134507264852262232485227071511478624852283264232528626271701558026854064232862627170155887885405383474148522427162155064232862627170155805271511550,[5 6 2 3 7 1 8 4 0]
2476608182845263454862281377417744375426247660818683272848264386546013832476627448637747247667401768373571747184406360627660043737662845624028452765741,[7 5 6 0 8 3 4 2 1]
62441243266262616241624408367424056210852265516244708367680636745260432644741767665532135657126263634276676162414055162442678776555326850512613434436268,[2 3 4 7 0 5 6 1 8]
8522308121816518631186422434850167315678258640181324212485822128424273763118641078501640252731563118030812406124588353881318528372482581067043810784852,[1 4 2 5 7 3 8 0 6]
1764653287020423262382855604561234623435268485817641370253022632856048817648162886487040426656216288621846563262352651714618605123408604886621484678858,[2 4 8 5 7 0 6 1 3]
1722352633137024812840428711373282542211451374172414142272127034410281751421143417214142817284142437503441048126384152353852556063481175142826383142453,[4 8 2 7 6 3 1 5 0]
7854621865286640848303554084036884170365217357235748677620435346776475414087806753476331476304207036575364038485126318680626541752620484763512633036078542,[6 0 3 5 1 8 7 4 2]
152468252141728307170416506771663172467631656272638324686871373510467507712404682317221734324675041650677166317246763683811730838255341832634182172736,[7 8 2 5 4 6 1 3 0]
5273845058122584147412673546552164603831058122511562670505572741735467051276535262746228147457526453510381225842562058312081225831410550528122550573546,[2 4 6 0 3 1 5 7 8]
58463845654042463610501205775521300532184032054404532701852480130051300542725013005337387837044244040525701852512767136370447846365648525701363543,[0 8 4 2 6 3 5 7 1]
0377803728457305738508762382603008208037858181834250581827362776334350632810205453028433046330663777567633410737550373002707603037205723455818670287616037386,[3 2 7 5 1 6 0 8 4]
1315351861762171547323213845154748818621260662455118455171565076080650533151500615076421383035513505513216545154715470233308600505010845510506502381154,[5 7 0 8 2 3 1 6 4]
24300472746234387136813348513250610604150022785340040685154014507150230532727238634528133421713113387136813348315646407033283033415346023446034310502430078,[3 5 0 6 7 1 4 2 8]
405641365734372437272646452135842437310806473515431145201315842143135054312573340033735484313543112131801324467357030216454314104812180312644645431,[3 2 1 6 8 0 4 5 7]
6533865308177846523033255101203083534303353535848365668068653673425061756081556125562203307662232551014622230365664306762232551506678026030356837353,[5 0 3 7 4 2 6 8 1]
3702282272023717750205822336410741220207173048321236728040323702230767712807213146501450077672022302055757826565807202004675140281732122500403405814,[0 8 2 1 6 5 7 3 4]
42667426075117342860668225224626424614252622480241676388436063826014415124075082273427370638140662626682250761640638062607047426742663526224802416426042867860611708,[2 0 6 1 3 8 4 7 5]
4243734720043702301842610700423046742605843576748472001604677070705787075070224077540735184262720040734054128250774647664074040734673016585160410576585377651,[0 3 7 6 8 2 4 5 1]
62683001765654262601748586268300150426260108006370658438515542438460804608878408855630308863706584608870635401080063706584088554243840878066560174858460823785601,[0 7 8 5 2 3 6 4 1]
50686063401868275482720506804827487663610152575068801827481852048068276876802068654866360602525818848610401808131152045868846345818056711001846058708134727481765828,[6 4 8 1 2 7 0 5 3]
1437680445820212015432184458775065874120154335450658434450245735433575152571350714843445024573716187716103537116804453431234112054504154315433573602373,[4 2 3 7 6 0 5 1 8]
414485167870254811248102768461355515887358552481637501021813101181818232181401350125821135056781020470216143410846121355464251328110124816378182181,[8 0 1 6 3 5 4 2 7]
1015601516401530134232011568443640322741460153067873020814205684436787178372587213422343515301415372134223122517838014640338723242151233482720564241436,[4 7 2 0 5 8 3 1 6]
7530653183066884527210703887145132370353877814572745272107535133156354813162048810757874887685748753068621846887735370732215718133838378768178317833723065323,[8 5 3 2 0 6 7 1 4]
16385765511317515755821244143765514317438575401465576551705821385765516681543280455140585131841515401340573382864162401437626815445137260637358213851137,[5 0 4 3 2 6 1 8 7]
6571124077548137685263068531657115218031216755813526567472526860685317240775407752557571803767480726571157180707115026747108080216857013165711631775525367176071,[7 3 1 2 8 0 5 6 4]
872613266872658402740773567308243228172743227338266756570420708183872666727265706524181856033227745322760072673563760756583132326730824175856224257823606,[2 5 6 0 1 3 7 8 4]
8357782747663574872573218187178357731771246367735357436745055375757322835777835712523535743672857740274747124732685063352747353574367285773268428212477,[5 4 7 6 1 2 3 8 0]
32020646845538602064541758541776827506452384553810646420363313811350020541530635827010360231067313335863410034175864184553824231025864518455384063602538,[5 2 0 1 6 4 3 7 8]
468611406884160247103876012200651660020430780124651660530178606068868406887883162568660176028483112605660017604651660471060687028765260538606182513106017645,[6 7 8 2 3 1 0 4 5]
6077301010736472015376107763174648215477156414115513773106852515610725050736747621371070108306214601015460847373674512174184011372537761077610725050736747,[0 3 7 4 2 5 1 6 8]
7486077634145408746578314876218388731228172817384827263488734887212620874653887314876218312172822848271752746083142787821762183187281738027828783828067824,[8 1 2 6 5 4 7 0 3]
2816381520146708216380251442785423051013520146740245652011812638581634070100236270100238024158163082245201112345073005628701002380574027442857630428128163812203181,[0 8 1 4 6 3 2 5 7]
486225226043808704383731802315202481012824622622200862486222410375682608760804341412852315264768670684488076043807387131468224862542443756826587,[6 5 2 0 3 1 8 4 7]
062731216275620436568712637526778706278343668057226180624502731256412264271568624312842266125607062778861805668630368016263731268771224507876575266062761515051,[2 5 7 8 3 1 6 0 4]
8616224146420576208857058543768761664236401861182523118854011313861364760854072054047381016168685814228461186420575260735438680821087266420760854070585437,[6 3 1 0 5 2 4 8 7]
85051132350047553750632715537615804085021535833482363575537616357636060630403148585002058043048471213530486755374434300403531423048476582348575063510810,[5 6 0 4 2 1 3 8 7]
1425870488156518665068816682702121668648614258702186012168666861860587881140626186818702140605860811851866237021125066818462651860578817860214246531065186637,[8 0 6 2 3 4 1 5 7]
334628542760162361434075764661613804382875137218336123832724403073134546800757302042466373264432801623612231246143820731234287372768838324287510282328327131326875,[4 1 2 8 7 6 3 0 5]
48461151162784243284326435067711616116145710807508060516115646016174615732843542430664751664156764247178451746118350664122461754156421121746114815180524611061,[6 5 1 2 8 0 4 7 3]
531280438852758785808151577128580885534717265475732587716043712063833226048531608826517172627885760812651038852435853828088508580185585717758782387748547,[8 4 7 1 6 3 5 2 0]
038322717388452337534747678278380386812321833053401740738781028483722863062738871832228233530823375383068426375437068676737523375337268367730537354401028,[3 6 8 4 1 2 7 0 5]
7362848874801706071203532780054867176018413018760213076775306624388746625235736282306245386450536038873321302312132177750213538310257520276736082705364,[8 1 0 6 5 3 7 2 4]
46025158554132858368388084602515834808432867645852623685840876380823686245882527204515602544024588246054088446627438245882385548352540428582383856725858,[5 3 8 0 7 6 4 2 1]
2543615662174260724206000603707350338166208173040256045040260635206020524072827065761643824173573033817427317282548166206028206421508280563080260635,[6 7 0 4 8 5 2 3 1]
8475363810514053526202424705526433854828303510336702457525253642451424348283015643384751633843185140637528763035078878361870302453526031850583008384286,[3 1 0 7 2 4 8 5 6]
13680751070017561613641807300170613020012436743067001202852430368182582661753510751623252262136801020107525124182314130214102081758262861620108116126867,[0 5 2 6 4 3 1 8 7]
1675420142441248071676816508808601872071480171848885488483646384452441832636541871206451484418320587814881315861872058781416654531358553231166,[4 0 8 7 3 6 1 5 2]
548087437770755120151464043440736443234675437012034051543776754044341764343265048357378543777677034656423347126570747302334267760457846718671734387437358,[3 6 7 0 1 8 4 5 2]
2674856203105162628342851662707510262281662262816620373268337471077485321606075704151751016621172600752037376747174250737476862683204066857866213768,[6 5 0 3 4 1 2 7 8]
143803033158464755624757102648413174758548035866705331656134487033158464755134263034364831260867170533162513421354647562423671585124752461344318034364,[3 2 4 8 7 5 1 6 0]
0347374230736273288581014642408330737408337302148574247362605843262408330646010131302637031030133708234083306460101313021485636244652880581022880015,[8 7 3 1 6 2 0 4 5]
67522434471073155735201856572282527146534574714126752274220252607826752278257475638624260782155730115577438155724475270715268282514472547224270721553557203,[5 8 2 4 0 1 7 6 3]
31465750133458578406265102511385363141874112113357404831443686308120133041331540435081251132037850133086374831448540275731278146515537413154831465151478404,[1 7 4 0 6 5 3 8 2]
013557435570482021311253348057508581758310343315351858013558512680852673462613530616703481758343315357630575855750135855535770217148057518531856557435263683134,[3 8 5 7 2 6 1 0 4]
184330520874724543767670382863870145048123076708301052741843843484544870145432830317305674083432328803870145068574487782332805636703108342852821483301233,[4 2 3 0 6 7 8 1 5]
0167523155074080255001346470544544705457484547548115523140167521550731780347054372360643734465005780376054105457174811778284810308477823800603050135071,[5 3 4 6 8 1 0 7 2]
820337468727236725364036237326831512633031010323258526273732160208540022163820338168381752022730788545852727852540362373203382035101202036273120336274002354,[0 6 3 7 5 1 2 8 4]
0414225853657534142611054160324453685604070217038247381827151415277061826171401810083261422445281651754032445025854140614437708028512545606144324451707543,[4 6 1 7 8 2 5 0 3]
215100645100280524252615563540853564051510152851163651506032174603052540064585401865151242568540850116713635515117040685108168516352615563510150152615585540137,[1 8 5 3 4 0 6 2 7]
262516217231826062804516747821263170802456516201382282212631708026062636062672283170804516715424012631708025162807260026256705602426067106631282315672607260043,[6 1 0 8 4 5 2 7 3]
06375631043754573442428402480800248081715056408315382870124405460242705833158704008348243363460581061357505640831043612427037344127360382544027170802,[4 6 3 8 7 5 0 1 2]
27436862503260041857050027562403130037013600502126005002122428766284631363578360677431218524287662357375304181237462242684123846253817428463136357,[6 5 0 4 1 7 2 3 8]
7313141783637075652247467172455252573042825245456337156315724643572517235456334725503046767055056554671540464282825107730347252728363413632315727251435,[2 1 5 0 6 3 7 4 8]
56717430747310505251750588675166705058005348103464806526482656103261705168648181605515130074786716047516650625438115767261150561685616715580656031258176,[1 2 6 0 4 8 5 7 3]
434255055218341472247250456227043461658425362684250872502444355256461827041452554050536376224824461546182711425052428725224602415814520476224470245352287,[2 0 5 1 3 6 4 8 7]
413503155031806540855415880518480604542015065846085303648738807660858065651556723867388076514130200315545233420154085545846085345231542015480315636008087,[8 1 5 6 2 3 0 4 7]
7636884243866481601545442314540240145363284845328532367323413281343745414670866488746313286823667182868134231317183136343464631453160564023646835068577205272410,[6 1 3 5 2 8 4 7 0]
2011825247542804632520784422022513851166371062207461838624156751141820114182806586856140285420128406220784427415681264856850201163251256104220142251,[4 5 1 0 3 8 2 6 7]
8504712806343874128062715778604087128081074254876680628312082804084712574876476274343471246062574876357558787660606746364382647627434347178710431266386767674346,[7 2 6 0 3 5 8 4 1]
7160043856617014065605160871607802547800616504010576080670200566364721471601610438704016104121600436736163641041060661763461410474171601802580566340087160,[6 8 0 4 2 5 1 7 3]
173024248758304618085224321085818121430646173487812423061805351606130125364767061655348053500613117350125502567673705520125585006482060608472211310605,[2 8 5 3 6 7 1 0 4]
873056755863588754708542062728562043484540417788574365586585675586450385475562043458561753675586544528048730561417475565047178144243450841736,[5 2 4 3 1 7 8 0 6]
