46798208559928860126506302864530887462610481860788073938923476985145035540165695691654078024829471719733486072710145729359119824835996252915087992347548514089262546435880962101082080926119260880170577413971734057475975604111142101629067792505682014923481081590574131592356907461110274704552145002566958935594,[5 9 7 6 1 0 2 3 8 4]
9309852165298756639599089469143735931286266289376347964671887684371332965647562017945214719080923208571410941852199548706212081276183908071255768842333575893062758903928082340393383966216067676842888965152231867433475196167507000956357553994898421452203157309508671948935286721117538499125665257201524482412603904527,[3 2 8 5 6 9 4 0 1 7]
703248936822635390642310283288669911078391125609986425075234322435938785258724582544996025099185940747544923281007563579566021582535949060178714696189914371676830907984231236624321321569640248337980819826567715241251627058704760260676926059154072110217693602942354795981662365472410826502455737016198914677,[8 2 4 6 1 7 0 5 3 9]
31404175160015467611108978517150995022620716272538104667358120201686044532486056607532262363089523104493895178981723349538148004361880677292201439239617341095476590789325176779506435809245006474635827429502705932404853677538828763557714836361679038248769805547950053268238081314830588202250896752872796362833,[1 3 4 2 8 7 6 9 5 0]
2874169995841554288715169149524847214511829224312909589059126168770675301243942544280607621111618277126897599069135530641643325451137615430025918867203432895906855317235198619432724159611764818587929661067068415404643637722798200024812517861906795308857073299458046329736517951401560277876758761415530350496038537762,[3 5 4 1 8 2 7 0 9 6]
9671764786997150661227456294688900054679636042942462426398913043234423810690575121455284237963094395558984473616815035931976869020848812597561012456661129066846440234861808909902120926846378961826165674610361298929800514790686169963247731576975696654423245626913906569849570485973615650924613334083458049,[0 1 7 5 6 9 8 3 2 4]
5069847300996940005363544679022904127069160253590047082450896236776912125477280503768572693456129967042478889126752117222091851300787769465803909544225425442556210913219638963696425718580764491425268092829229825608523249299007695060736372269329811570693400986392439355246748649388762978911125057089081258703706057,[1 5 3 4 0 7 2 8 6 9]
4604027123771465558686938278528861986582953460267400828349472007627986326781423534574161572553865839664056831273493881918351574257625461586146761327850406802248972632868143089565457502812731805064302346842258566372145156821657713368684666439716416138143345592466427933780656705014401416917701282156400073058969087,[5 7 0 6 3 4 2 9 1 8]
12434635761357661295407365974001616368209949760717116009488980316741257162935322623031607954498793445377863962709225108213845370423959077697934974230098200171184590257397558306538621689600718812415761639049657612806195166679743511412277363325209545175694763352873584355984925956380612950231449848967217376731,[0 9 8 2 7 1 6 4 5 3]
62563845026434290070758134451601418848478237931261154506657822040649229687514028761516005274170028406405273334388879442130615173540433069326054327956348492047151728184630984930842957240161963224483594221685072350621897847254597188470087383262372326830078716725618612044368354904386871086783097807584073977,[8 7 5 0 9 4 2 3 1 6]
9419189176921974442895715330288969088328609169131103346359280396146260904143623100974589904882616894613792121059367569409848219620732442122050908398847388951796484326853755831519582536774263900286219414963260984623124788343975869550381425672204073505301210365904356437307499159151386624244699,[7 3 1 8 6 9 4 5 0 2]
9840213593369676394294276930431524928250118013018429719401079872051260716389090137527128657341166584158628108097725686154704162445613749764715330710821483110143669719067169701267518618821326562845724567126589978907506821588530140698421743917421488652081831507885282143815461560522110944441419383792089326907699,[3 1 2 4 6 9 7 8 0 5]
023034035588672124799672590722472411829029517977154043357181376490854303579863307904541840794918542505404352761505610183577369851318824022485918497201612801520438353302109483910299751227666012103398485259847191886464714374658224017684111701155051814400961899989257842502545749846217565507911485746819280114282171458714182289508,[5 8 9 4 1 0 2 3 6 7]
6230859153607093941256289630986898838469788352596179142264334988356690912723825834081155701472602836839897686928660929644738496626898015165780387640645833851898662460562818368828674738751782468318739403966088321848302370322019382969853657125378066988327715227122239026579148356579188511972300323988031726913,[5 6 4 0 9 1 8 2 7 3]
9567057015925114941951329145126087153967910963903372875453260071452527625415910707710821248574920123362602853371940573201399880943619769451493900295882371652396954312363932374442018498609404717958981981522071062668926713432668244025137509632045723696420142245324755307320172534391362047041950195765599,[1 9 6 4 3 2 5 0 8 7]
429711193104883448774378741293017924426778862504872467886861221630680841240676626731143991037484833097160976817667301980145506256470602650540762286654711843692353971186734827862886758676284602043703411977891536754767077948092360119926837143643088984333091340986717461334737761548281612814901816866254314036164,[7 6 0 3 1 4 8 2 5 9]
379675759550761503196548658824855261630547241775389932757439013040259175388941091457985166638825825595016136431620469165746104167655113701551610368362063668053962142225814010371859950421031885167646491350177565597213922522465940666549993062393389236687531660360510743823888425110637409736173579849225993800054,[1 5 8 7 0 3 6 9 2 4]
195859846708587269828846498976609206529842607528615781555876570829879212360951207562006122741905700516799021025386799855506479191059568534146845282478605591631312283441498653584530963075715989846541204961899561732834514408364824136612096789769017585915268836560238451218774036858343883304440275059158126728543865610,[2 8 3 9 6 1 7 4 5 0]
6115403579641596229044319172945852711179222470807333860160502429037710986595459484438004274163220709694600043000785621307890377303842573081726410249954116336504006915792740969075287722872233485731004312861306042086940986551792596688286034597796280840949742984265548148049070794882267159682586616008343761292428794185947,[2 4 1 0 8 7 3 9 5 6]
48184947750477416984859395591328089481572514988926429399477340794166253569985391154330517127804438850857684206357021537344374802936488581533551800439314274686928256734674707744072887941482679434899850757423071264261148291026523038537751140446036537126364740068457314681234537340670556237853031203182724,[0 2 3 6 9 5 8 1 7 4]
505272257447984048126904125007684838563598294204155974727552136284357892572637453697274949558926799968149029623774610758606699042017548063797433349721575635879949476628205959186390159922487430969887467341760774505897960104921642725928262149329415639325001400675617751004201408449980496818512135591926003673366,[2 6 3 8 7 5 9 1 0 4]
75205983358075288706754829518877240238965918597476149349050870959306965312897435528344170043322575252301324509697623646363704087231274587963614330802722761795858727752835820321326583262031228927347882572975220907063688795131094889769252891163224775003282590698425313760503273192202953917817059545893,[0 9 6 2 8 7 5 1 4 3]
04105639483281952191386728448287126923478289274297720765298052951021284770722615408359937958079642632464361016056983537436654097190356992591387507140476043614426749372468306414099906573092991091219928183797095528513393474827324566351937183987236150683796808174225773111024110915318217838265437742379311055905801570298913591348502,[7 3 9 6 8 2 4 5 1 0]
08516416331925779565988492222924592790551861728140124830821671982894322946936202652117850681441482508948291869649624915454982146207353028697715464934133402173209692422181978531248308404648168814681306499655948541421442136412602135830946071960238303008432034937220853310575022529961228898018258977502540213839725032953044310,[4 9 7 8 3 0 2 6 5 1]
84215972047851964016716304732374341209874048951097290119431261582228890667648531164089628654161629472055716611432794142498056681594074889321468376666113104691414880215613047758046983357603846489494803142647371946823706857671270909197852140150676684573486682107640816310008853375614875310312088,[9 7 5 4 6 1 0 2 3 8]
8109245564643140550853492289119300421089536437174526044649222304891508711426247523479628914778043591856603161310837108908750454111419330141541593429053238650282150898271345637491530214718571045868897465860583263602039535411228085723326632785528477080146892958035724981958401499794632351984995035531643,[0 4 6 2 5 3 9 1 7 8]
7000473557459654412164463773200447876385210758795862939704317697014028669050604082486834475812898747986659378898770569325365957517240002471528587305247987865117634259923764037387969356232104068715523932050698168147295568434628955286833428011297488421964480268537414868429450614812280442866444287916366188078023327,[1 2 9 8 4 7 0 3 5 6]
744473638910407118440870131946957442084713497265719547598520933370339348712576475765387574012917715596359367038647746732934498421923953900196357319836726950292886744418084528197157123092713900096990461855681309811283638941574408175247839141480985236866684138528532783374760895936697304753679,[0 7 6 1 2 8 4 5 3 9]
9829219470553290360870913116243941567454792705548376701868191218507924254169307510685387697490380681053436930106323645871859344610416636778068533960354192005936800751690349444934684540591446146818903716150730929533257041960701619121664902294249511163445386781550492793179600115857209978809002907053807502928647055,[0 5 3 8 1 6 7 4 2 9]
328450437905249357381041097378133193895513079147594779913920915518589269701605179536814195027508357937963329046870148755957681419787179842691145804711034012703655970236690340618235807251972877927198770694229478953359107278836945065509175071178799524938659688330258202260940175197086767013840214680,[3 8 2 7 5 0 1 4 6 9]
190529339686586102339364228573184446886459913823896063460318138821760756575204561569994696187630960956107514359627592050608961024934642080561093424741750234727542998467614417664860867175761769933236894965706430293328160501980362089195205367752731630103679366888291022831762539427875267941901074250517811,[3 1 7 4 8 2 9 5 0 6]
4795165087458673705829529275470469273262301944890424175953277840003195734130005591732631672475805828254804984027549572625856065243690374073153799528594676755872642250053803187752041839224409136208331057396336015826650194786465388873857157075142823401841995186356782421492844939993861318075672252316653,[7 4 0 2 8 5 6 9 1 3]
48546860289045254183529018773378385467244641717470876600190810657441641827476120090177545446632097406984158730210512328705932016224429947328107002736243931177320151605847921026720209289339690258244737817458027170075913253892422223641506149813376807249315224384255535301992075570714567707201554601548735057240,[2 4 6 1 5 0 7 8 9 3]
6473529728935644486063877032848682327829489220379886123099705898137198935556703621310672469522381432901593546834562746904591291917799720981640253089728332131061846979444060395190531037620403479193184060768706063592084926982090008900309872035826321562358359378489264814915130723493222490035166,[0 9 1 8 2 3 4 5 7 6]
197578543911753688191246891942014284635921870165732721999270716465312975006237533248296657553681975830180335294509243812059663232537167620348293631656735889218988536575586965682072301432769513389291184058723965238314042943592584757002864203146313106822044168435275383929128418792460953888291848196622,[8 2 4 3 9 5 6 7 0 1]
8231721796117569428217403519032196013186492564864985438634133177352475679184210681014244861524661707142084261258377822091890129456499808401239133010126428593504876285086442595747382202527199683128768217228896665961442813944107313948360355713371805296682852035278606619399850075990911326216801664459661496489750688,[9 1 7 4 2 8 6 3 0 5]
2799851415833629320372956129809596241287613857808642304426983858329187584905053025982492235888750553127824972897246244167718524209986825407968354532838820264446201442341510281635889027353951200085114678462844583589763267786819060420851855905476212700759764767527098608644729977620140584875936373959580022,[7 6 1 9 0 2 8 4 3 5]
7427391355613684991876280155138733876945180649605566530655441002656585218193511884683754131849567230158363056885412769431396062026726559974746725587825694635103461959918813267262327221571527057045619848687188518855650782486928561281032631621020189260935744446101489418797653609605307722623368387871,[8 6 0 4 9 1 5 3 2 7]
0150216591604697730106321764240757641360337840170149612767853368332095230834621801585930371503874987990720747647246019404165622266913055509513822204505526210831138928473014859708561977878365176222655811846186717369067558956319604556774988283991698023503962182298997001338183023700310418030417055502466,[3 8 5 1 9 0 7 4 2 6]
845839639960210586313281303384063877308177961701940912064578291969632803124015893019981114043002449840450952671108569294610432046573044748078994164767069294848643126489171036877769152649316594282976446972183298296796332863570227406451647677093024926627054054486741627582815296360226510070226139033990278429160,[2 6 3 9 4 0 1 7 5 8]
8462072073224386229793279806141892609223697850143714432179235042014270482792850617554837850771328687443249891802357515126335139726061690864611644279383485867382756130031054387205672302470855784229847352514942722533427089571803348325895829429002159424923719318558032161774417127957249805297411,[4 8 6 5 3 1 7 0 9 2]
63614528203108551464885218478518945089728339663552677961320432693361978090454204810621190504126245658272582526857035440434033982989158877901171061361742617216096154509237075618558735025246742267390527659282248616412905632661677617910907233682259810444822404623448452009415633384750271677764778835877767662366423561819968,[2 6 9 4 5 0 1 7 3 8]
621334290064079989796730263560850472713396307077388848772301680400494708137280564543393637738973562271773896998369078013482117638117177859714069124809453441575860137738179331682710196153372342024264285145227524877836534265226727881369969334658084387562850679894156814278111470711917947859860007829621866,[8 4 5 1 9 6 3 2 0 7]
21498583743588260046749972306139817247794888927300335390974813603491218268543913779398948889395635152250418218942962767391682985825641596381407924762094677247675495630554486315207828038684914602470308208832880460853450315418744955749564515534963072088231074726255792739652386465415843004749552878828468184587922,[7 3 6 9 8 2 5 1 0 4]
2930400375942249306403414432005440209050158506772566054939340403437982421445292070758316344838306405077637500053926992367820958886208218053071210592996538878205674437903611514520075463641937456429675107054540703616209475140524162453015097582362084826891229480269936428524159031443263488759411537798506785734003008722,[7 2 6 0 8 3 4 1 9 5]
1260630783408823190478220885182486994510718929091479731891546975103631777028706317934197152831567183706449039971806211287243690655056446548209682095290575042791765139516317230435472980776022617035462053301266547774861533210253490875219503913524907224150883318108590208920514555099780174922213145978192161795514,[8 1 5 3 2 4 9 6 7 0]
9262711647765311493558849660708781377260981045788387392384712350205245512267453035887109883157054448989533287485401784472574672073653037345427311895654883719914193908615262728903874602736531435409008158153536347565813378752581315345121508499869085284973660945036536900939869669969341891593304722653169361929113197,[4 5 6 8 3 7 1 0 2 9]
432455379857487696949136178554763967583168918697155643531596115851993971064066498249576403204463624273475792921393514085753549307526418200497492681976524227028010946139971685769961267395242699751002978387695440202405426075472604983645851808401361160345978458341319666759857122676493649068793480787152046379995792789217,[0 1 8 9 2 4 6 3 5 7]
42819648321453021936819007726167188102880294263143598071672348981556206918366429496300694864526107884334542762412767423085017819741677317781520522169212197710690534572476524998173512531632496560858478213045426734999022507630684574526012920646948760869814399342924243953169065617457341628345980386005127734604698438165344,[3 4 9 6 2 0 7 5 8 1]
732463429854653393595569140956846287426150068758043935819536437863074106043153198786895371994400297661591355622723485522243319779988498703375666493295906940371020584869403055365234238479397065005630490687041513687900347269253815334296076865019072062542259941963702590531730937515088950448835126723752224906845395125819843245,[3 5 6 8 0 7 9 2 1 4]
72301479445083308864067125062660471362045361788769586260029092036605354488025521947614744036792920202827098387697930607810325142752645210291579526445257826804023041367888071726420859831794465618608744252665403880790224854002984593976187964772109859860062820645642706398060933721165694252554404447496721020638805,[2 7 9 8 6 0 4 3 1 5]
30839539053280057439719875353853762101421336853699311395398427148748952386634560778754443132818429863095395712194324487853638893767545470325012504524353586073691346293424903124865748240759471791037670001742288529892184479402004766750363054530112749384281572970510217296703184294953545431678538751022,[0 3 6 4 1 2 5 9 8 7]
7915323876985141558632584083379689715385715636673501191596456787197724791028858559475332659562089972708946514209195515889879779440414512087480799023001563337850813014402814794061895398971415361593378078145698376354313596885016380856483041404354267371660520444702817897295116756408983094088853340803260994039305,[9 7 1 8 6 5 3 4 2 0]
8158698611883332354723626122072702903417621236321271984720301212835004565816326102497851273122113215411263344993250649185928915027774071249398635200879847357812168815436912173387203092364682362857216853440393437852001184065299206902353324103380487534998901589821950277623692831338918999420790800230634988,[1 8 6 9 0 2 3 5 7 4]
608393343443154777821437963547967728810189303641493324548375582941174196450812802384045955894632576077425679198364701632734878355945862919655896202813094988375963941774136830672802980699224586149836042393687714231264785352836602714700839767541056850326556111612822966316275628675598313477747206267964,[9 4 1 2 3 6 5 7 0 8]
706211925879041512784897489473382948569155117491253089783878024442016263217809759826973492549465965602412419709907058249105793516870876936579195388524440517535119959873558642838512671014558492668596676176536652871440215286974612487194879221497100479851649298905734317888566212799374884573923885788763654645472,[0 7 6 1 9 5 4 8 3 2]
425806746538965675927380864130391937813067558240107568031214378730606461571685618055787051293620752064322132743806758047065562250152621538249051063367884853946607581594578804815258770551797482063038941857868461320497037664308840668571581603626834286640440003158285922527591638302835793965276356875148165112426591637582833,[6 5 1 8 0 4 7 2 9 3]
073221201562502676077707289538656801893846523968080611001734234823582139752834983309398870936905456445561201754166509851180074572640569480776546516480241152402134104069813923707583948336406966359895702623764378701501251120081990952458997599015172354512883173725347078640574251415444384378312572546105,[2 0 6 1 8 3 9 7 4 5]
577276842237023394762660098905447203856369469193069306220052036124842071024339930839685103289937973543622384506218102083059802787272967615028993354598819847994894384996060205049143589311516602672371126800527127445855643902678653865884938943809013359749125603584852171394849719773293493305566251766913961672152,[1 9 8 3 6 5 0 4 7 2]
420776949418350882052664877047303702754421955719042626193943732459742152452751126891620871864288420450225309530930936644674304720891369448479551740943792039850595946818608870911388455274069021579056690520927947357108513334811865707106985182315370178334947824609396169610383155371179294971860541286432806857136700,[6 1 8 9 5 4 7 3 2 0]
4583009877540072457205859920899927829603203277227851788639689740605808276921174154302592668151859445552666583461082543990498237787178373850520368857129970847899668537588669340141021938969847406362775266529663401469947489150839587483746530491694254033023041625568036446918762500492010426960800493624001320292188,[9 2 7 3 6 8 0 5 1 4]
43966654103233941306724699179275295361997829838481929968952145508610200301561920363704534535919927957264286200347889332910705222020586943115059367603884770209523606502765079566598188970621292468145941205214031037343606993956664170899726937841079656204381987803339762947597739071087397047334364540,[6 4 7 5 1 0 2 3 8 9]
08146339705533004083559809110563129754292593345688463722091923239441638460541985987286400583922326365479610523894877038292624886827599170362420487263895243688465733963476256768882008197302516844862120859145622389106440819780610383894470387093716559815567963580855303031460108852018710822026248803872092540274202189526412082386199,[3 9 7 5 2 6 8 4 1 0]
29989486609632412355726114971043185251525277762906908490773084053932334680058109726233932264997727426953298372707952577235215411743330268645567226892866418148790690545330735041059992661293647992901260309994642510469170585261129880672286125569247669497849834722813461123859469944186089047399099493500757547431267342,[9 4 6 5 3 2 7 1 8 0]
4138861470402899059744876574954222145850945615791136091728942543295114606167545152627714400424688524550473749091777630092159685483745440418826764552935345286635391231965595205928897048087412256236592290539589653545266041221979846022450046286910092347893992091021673819606817247663889104020349,[1 4 5 8 2 6 7 0 3 9]
48734805598175947488804591266158135654783101755995922031897544331004789249816512933120489828498796547059933978374450321373101522413060956937901408345372137797514664249346761295697445561067591669326649826890628929852108524974208010465631428093102317616820927021546059407975160294206018926084538019,[5 1 3 8 0 4 2 6 7 9]
460684847366785228356858207849586227713466522851836466025005276698570214893049335987426685005600459686765300550222484562676494342717062655822852271148064278380462304502712542957239561418194172288769735500706677167119597791673997939790277002270452379268500884193503878907273500227436439973450420834807092655,[8 4 1 0 6 5 2 9 3 7]
2554635197395939135218657201967629670116504966848734446187427034725413485670398651139768311121886388539864659526460888386442243110760434264893982545275523968888613726792576487329310116505561983173940611802468644431192870391373710618823529992256070131321853744760582112590680072923116582677003130420506532,[8 3 9 0 7 2 1 4 5 6]
784068120436328404244609809297166318637399505140922738327576903335046476859509116393669788847142976585049798156498038054940387142468054877229752576105538713217693586842031509409099264394054150373287447147213734366209927038336317438163062883657369576931369117930264302573820420823574233623220624446874493619165186360227876,[4 0 9 8 3 7 5 2 1 6]
638529574451976370910843112860179113341449063869744537436640706953213836542174673956004549095085323963290162405452923138036025970631521330960610786878648058985528763920117791872129911038467871979526903063524776604063944598148491479066388190643350108041847261202362275895394599684463632311828109205549441436404117005282140129588365,[4 6 8 3 9 5 0 2 7 1]
797144472758611569054945012558123107427011758277266788540423192273684132013485987664538936027405227013348643408766936935012174674125414874050137823589651471914710443394487108521568706237607029658664527606529643202232354956983803825927528023291399079673032884787302134586643951414524457696582617795812458338227432655,[2 5 6 1 4 3 8 9 0 7]
2544128539458187319658167061508892000616410002821426636988420741250872782060941167493061254517057170572133539548138012026664961787123451673714744295309455989730021826033906157932268286145020235017671459485940820126428462751002839307152951370623126769336327969758092485900579249337014384216583968230018266893469611,[7 2 8 0 3 9 6 4 5 1]
5372006725498840324914359626453114093944312781358224732824035837674961728367333439553462225051147687867122570207930076498847870299767769107214878564260737511356989778492665043350171041097506941158385352543905883798348245879200764736165606671117662407804581407165511352032779679624916593705010975,[9 4 1 0 6 5 2 8 3 7]
408309277412194245081637391074917089772953563819653687163443256777932762556902435420594130919179311670236974333665038472245204278601910526049176389280490335983806543167919222685245859988620632654020931756287796017671479337468798200917109629051545677647688184129399352140348288612859905248321937362596241811409046,[1 9 2 0 5 4 8 7 3 6]
0517942575658004272134755311404902293794175289364406137135888341675910328527947295743066084319839078823592905472489386923712483664341090351048768900566766438153858355853527846577199938092680166754872360282505353346173545574163969042270567690699032890222932678685091990766505122316175123997294571911701052853491407687513643970,[2 0 6 5 9 3 8 1 4 7]
470923415159830467345774732314877941179665526341851260552265062609105147017921023920477672868094557916405145221028698559232528722891667438047182665410936405749782029897111931882463196620369515693275754509864361293671965393945728425179766125341867970614231408343293601908093325428141540052675629091666459149,[1 4 8 6 7 2 5 0 3 9]
135700948825672549761970616310300134434729165985896459725633013221395584006047446397477522353645035395269447343764807171620113477675741892842334098429428015636749718385261498437429941349977491307103616848804233186150761096919359260431525707713281792158192647312347220508995654993186586949468655773049591215,[9 1 2 0 7 4 6 8 3 5]
620205216410027193141639425909950412975357769971968670071586990750562070506936810220175321577710977694693271249955375883531500206261374268335230198069132876811972952158629795086358526245493917722576419207158310453955473187584852836232050530018306055092527026035980960420153268845856090012664086405883693861,[0 6 8 2 7 5 9 4 3 1]
27531884642136856156986437315866247748219384723496324393826820604655679267406695469594204133143253991519641263828201406732122700261732495161346421766409058982061441759450286835856073480648563158276298062825077516014572133643451918207756035033247975669342028188462510958388579946968464262372306274163652,[3 2 9 6 1 4 8 0 7 5]
86701301220811684505966249386728405669059266494975895550337878817782354907023368390614683795487468246986653965487779170850433393893821923391906701481268932148652811781108786636040651829643978943720272057197190703644949972811786160582242094785387229833139376851191500592664860842295119361958366280,[4 8 1 2 6 9 3 5 7 0]
20765967430518738831882990204202769075886220788073136456763754543524024650757892782444435286882208938802304431083900305236178097417657192217100731345997423195793480638269557465712446525769758637654288129482914473447599231834768467029386627056529219057987968396634328017698937134163880756878954258493672,[6 7 1 5 4 2 9 0 8 3]
3777018935040186809838009880343297807935347801895519459057094771622194071526116147479461633510708383576693763027309956147237640151749755790580180171574136679860173059214647160651942327120434009805908271085094342834351444411203256169159870494180976899682817532163867794392322591688971672717509837217481411,[7 9 6 8 0 1 4 2 5 3]
345241879175122887241844736282347763444870712601212661857490750011665140903355184760147306160830445343252704278538543441830281384507260799576911674808341329003966306079223785752150276693805413978420103553191020270915738243859410186198631474086722729201749369238672075230407611961525931404396574861092237,[0 7 5 4 8 3 2 6 9 1]
329635460868335743266175907657015507550183575364953861592738165801490854007601275405437953984306290889391362634894302144550433874195046189738016291882410918447350084281962179215977083895377706048541730888064349142714108704780164750595326606790719430890673287317993531793428073171788128281823422418098513,[5 0 2 4 7 1 8 9 6 3]
248195120278370607652462612217391853379611521492960929510281674298125091954571531978740203942163454454392391351284427415645502313171723510716458299192737399054959693579117331129021699536497934173385615877854131542243167495688738347950458226629050172628007588871146595989587449423645086790672449351928872,[3 7 8 9 1 5 4 6 0 2]
87484519571896910090189877078954481992713452474384396116363200424884462309323047814920519523113295151442008525031204893160311635108753242395144629769285625677859502292033315196161773710916213483097235402090380014565268199167661135719461739279708130471696804322358839164814177502606618530132360270798041408628,[5 2 6 7 3 1 0 4 9 8]
4609610384239439241933566971735855764769440846043914849769190505431676753035993153470137019426258448904024083198317026495069400646143384963651729719653051330470714857697121166658334325380479094488423439143472794734815346922438356935138423589052129943512818939107091380429310243148034228715992746943311,[9 4 8 7 6 1 2 3 0 5]
931896227480756595472953154194362956963009135446264530394878512937865703629702096375792981314104274317558476639103959176387036099266935259926191248870874860931857887232541881442936901695709581191295067167612679641858737910857134180541490027112594275381459400045604689348287855440431187543217592264580374,[3 9 2 8 1 4 5 6 0 7]
38618054107480391539626682579014524523780968321867062435360847001378793950163261838842597607809396933842483188306108467094682342798838225389990992462548079630536786074253254394316152018792821963738780872847260179329127182723573114042313115035798392249183445014391463753947363198334041100960133,[7 3 5 8 6 0 9 4 1 2]
634452516863443130206273915513039259177414273276573360507264456964274063672453411004207068781045265073157510802890369381983246069959215574638693906777299769756103451457271294556522829349147606334631417406567233531188199699560583145996541925904214960169996443463723049650542675796877287246195720517208812534364418861,[5 1 0 9 3 2 4 7 8 6]
24977330184420132120098916705624448731971618618598102733244482062793138415266180967102262166880354747563280033253625532900374979081438293457459792843524544738762005570976871675926468481744307497405843432067667429352855850422368050874638166892970215295848445800482302637753407408033781454219976480243078,[4 2 1 3 5 8 0 9 6 7]
8239691894495537553150829936668457741070335491963084155361476503707314566836531798134732224412068698648603703802241736647849656855736263429608621037728277476144511681054244549060418774252300745401608352236179445399913088007497514979306827640609458366639691807897998079144506394071039949995403171342301903982783,[1 4 5 9 0 8 6 7 2 3]
7219710393896603949766732255619863978479204296439350812738744193209362758669171409127359385435549888693578518109892367940476302596263732511951763287805479226678470722339582949601732839367092638727803932851415698831967243978371971532076029187654936385533547564427812741153869300356930396947662659,[6 7 0 2 8 5 3 4 1 9]
874330311903474046868157521996043390713531416177740135105045704515413228557829713134713321421565153104441712053514858224208292706668722503189222133516887433138090727484515149717879678212606821984774183901698268909171452184331782963026826217516848514272187336820464062591072528493042040620673122381,[4 1 5 2 7 0 3 6 9 8]
73296694040817644994696443203970403416621157636764257838748160714281620261926926397045907495750480942888216408694290289743490967922869703346463604689126175125597458571131748411692076887692999214439667105232405220151435378552681079076917169672557937394419641886407592361204346016246148421954655022,[0 7 8 1 6 2 9 3 5 4]
86622575891002786954153640143957203121246821950777810606572866715606506137860011002562275098697712362554689941411293687961949566052347801236819027106414112398760019431002843384730899384257047101077522787198606285645471420856737599980325002869847482841727051386226821491170717227879504701736051626082957704175599165692590478329458,[6 1 4 7 2 8 0 9 3 5]
26322995878528073166997685976057858612531032402709910609284783881859872852498924337605730139621853100137886911568619306107088109916815625462808774008760424179860762757988019374115326375632814296992608979326062329723144412569019219361697484618066119691099919318460704092140154424124866761199748136734313639761592477,[8 7 4 9 0 1 6 3 5 2]
3091360424680643613690472642914899568845614974206337214084946870541060492136924677556763800856956178509064421565163498263121592404524660748732508684030104416775752616302478140763655023690048207542466004650906381497517853668576083023826630277432700463902649925993845987646163874738983078537941859073423078641293616397367655,[8 5 9 6 0 3 7 1 2 4]
98257572752353223127857435721804283032880918279893655943303980096839097367443703260740189119204367696293136218147039136248182571799735691082767912553493082767396540306973352267265647002000917416625958596686253847153997521524861320884368405453743961332270203905599320570403879343867951679541640495741529381400826154058253283980399,[5 2 8 3 6 9 7 0 1 4]
716227809133876526464358146948219731420253214173625035448596321481354382624908177140655323426675931840776504660070835120451064752603577690704970517282495742941571207422245625721429557685071541887843108071993814673523963841197394552032535623412964227978299370663213063970550748752027077216678184512790244,[6 3 9 0 5 7 2 1 8 4]
8425573074634894537258765118824743288182074341363360728267759693181808150772539965721593368027451461589809780156432728912871430800037443245616310347755006239698067389184059754316684918103872284139798053498103642532665208267257647536089193938710578168081681440528290586542405976953274540812507288,[2 3 9 0 7 5 4 1 6 8]
53362998729629897877118678335486595400627602965329335737444670724186511562634078002780789874367269926824806296825800479639578240662157139518231882566967938549122824646717541671385839718458142339706845787444421271590702382348827085847316251636767635684524454117288858625051049515130784887714021478107155,[1 7 8 4 0 2 6 3 9 5]
594142118248922647308665154794523667298451665368754737232650765132643253187238903423549458257857890302716354635686574842715140420848627596509721720880196602949956812446593757204743536237762405390738358662978519517722627349575745964257110932841421362326730192307392749559992910332609437206244435955413908880469564920,[7 5 6 3 4 2 9 1 8 0]
5265601730556532805040685055204802542022169943768584582172456132881201635351257259204483852950247138881495383352140922196750704700117188835264641653032562661729018888123407805682137858473443885828353713908139881598785666466105127567040913017014919991175883840528486311997536616215932859991260478012109014,[2 1 6 0 3 4 8 9 7 5]
579440690324331340483039724941605127562632627591273881495236066545582003171301652609914436347765619818523657065386743878921191135227306149447039258068563329844838163690445648092713420457669372194074523804496534608912190013660585967570328695080513271971731065912738482963028397366085659147036080563876348191448566921940695,[4 5 7 6 0 3 8 1 2 9]
0405365877481518588481335834078845569580250385493418052945875399491656927406668609706366014820846318399357683791419866210675042704780791613960609313966658649343183453982704449414392620793633050180124935339150434591563895295260208569250517596297487248567913198549419251892491379732501563085664969416481845580,[3 0 4 1 5 8 6 2 7 9]
408696313410543165910356197774354291549631470455822045682531828666687147057871002865591359613889678769986516573495734837671771669466988321581019666164741283399100519924196613636872430664588033687490110874309830315221326413080940668127871377216192711767136338724923785410666838490127429501125100589034781,[9 8 5 7 3 1 6 2 0 4]
6723490506555655885670778289537843483159745914812266423952618531697391277933394421646856407762885249555815564179805392803262695754840078094376241852246046156070864593291278821529039754465161871262949442983392381029489718378120693356349858024284897319059232794347693518401496592704876939781197150925449099,[2 6 1 7 4 9 0 3 5 8]
257079065214252676746241396898179375529611696386461938379690679452668090471847911347837997591025774412777097943196147584704670486074096862919080790275046955590716297009606647596500261089457253595950884694807840463981704041862239668097258352287747870281275862750722560728241169684808147416491931149686463475874392,[7 4 3 8 0 9 6 1 5 2]
801946384033891981491735605448021171584248626149384882406138237524670264580116488358625974597979562884453836307494826607522881586574349850089128419745629723388550849296731337118944664093600569018093744979075375336601384246128237240781226138036987213983819047020715961680799418167564419705273408944610701603988,[4 7 5 3 1 8 9 2 0 6]
340342943936360653786075790539115275010084168367056686921549625312418453672845612954656117518342784263542301350541445483054642846820280613396152087409832121545320954134726340143540486736256665431608111852205197453603023022854998438624321165478691454921586022514341493438463713324115613242856423623992812618738,[1 8 9 2 4 5 6 7 0 3]
725034161850284689925815114432907594011430228386541513428436701949672586982297144689932702164409934219861640859227949637850068918051940607092987292452298904114244295455358217365282153781969760679290858303867995385827796415862288673952711145217853983355720436538147125945481303892181481108590572965489312861179658828395082821388,[3 4 6 2 9 7 5 1 0 8]
252680736279737267461995369620335629991895134441109661949104014802351853409182167315668383686301625740268872393678830171144348593209683703764027228758274824592943149161368573954284716625118716663356603719342720503168482994364033543813539992140826028334288601843961153554220986170200652832,[7 3 9 8 6 2 0 5 4 1]
9437570811237549306008043756348311967197476918573642637167306953465384855778254139213796408401587777972925343056397134706844295551358843750580390778435495409776991149551038500697961300713084689487757953252735432594748780253642312185208128906690120311185597256963435007880231794778967409727680859480556995286228043451499,[0 9 4 6 5 8 7 1 2 3]
61328584071673855343640794097543159250510976989079916889564250678425234463073124749427714387267106910521472560609168134687292730614825302873552408790964137606981074046356416985048632354861445109702678171769742836865932581503016610963208563109684071885002590587045076964282721608553413790072987594117119548166,[2 5 1 4 3 6 8 9 0 7]
40212325878371884651636796741252453412645031804703151531741087664823025378621300042276123031360178903260762137211132332894297122442075695358271832170114758485391670525424882722486396325405798144878894725146649679184766523574029646014614179627726236979288416782708573192548083195306274516728756504234983677,[2 4 9 1 5 3 6 8 0 7]
42137857894301148088384795414092832441969499094903832862542678597938959599231488053214693122548169509093065279328502930595820430888526319045800038527526041093402924824992559662596387942131088401995938095740280525607735216259396041010323925282650418944640222427463308823954228301623273787385571758018536328083036643,[8 4 7 0 2 5 9 6 1 3]
989803258413490364172442821965501537805806912749177468241502290240769763937365731195614327653720539025620546169065776533385740572246374830956679184192174977489234923605361474531153842988669089205107758543158185049381098615376358203941124861645006041822502785727513164373438483691317958741652639508573960471024837436479207155,[6 4 2 0 8 9 3 1 7 5]
64916443384859372725036119731573860390627702338576210625818937285327424637324873516927960918802016900724075128325648312474450758444761744527207176141963762173046568183455837120283235745729347043739282802871117339368162232638106731062334634813056345478039844720248414265712566083522728839048403810964194825338469832578,[2 8 1 3 4 7 5 0 9 6]
6296948722863778232280670684234102833481327463706208089085328240112003828056490172081757600741104698191043483873996129913192151199713071766917598807308051927718034269551470315436855587083004122879112372679512726876424310852971100060960315428844321366308332117402638232140692280660000100679823013135448425388,[4 6 7 0 2 8 3 5 9 1]
4033641358724305233138625924581366234469568301261029327423629994879992906807021304703496918084637640078903874363322662754078947164938352549895162730542693123429709231025808145233312436876202113323421692912767645158603681487919264035326746154666814802611126481699267810389137892193474499233184795927558504382,[6 8 5 1 3 4 9 7 0 2]
35840540514399653174651760465329934610306327822730399553148844968936687505979069435083941266710554486207133626394902235409097837279956753386294280388302362725785532039309703702241525430263888389132751663924277060846770071048528770523531718093326227020796076263388049083897424901312405541172355402830977,[1 7 0 6 5 4 9 2 8 3]
10467365386239329939206107240133018571369582315902635640178921909635139259312934173642447260330639277264844131099668788277469786508627344681422423900291249865552550239061834178643323187915103302866460415393105996861869725165456885061518093681148732993323868783673863402025369086249796959109527565303608861,[3 2 4 0 8 1 9 5 7 6]
802850813789547070469935168760790586108638637468387709816539658254699282528903379668514972857427748359330827193916799333340341148074376987391496266965871543357873247507840310915590169871455871826985421284012386329148614755935920219460368078377943218664771693482974524725042800916412344666793681244,[3 9 5 7 0 4 6 2 1 8]
79368273554692422056401087244815480866009438073807395440780366875251714037713872592422405324295577092708876009633348834321743403876058070004558779037992561340778791227107396090449952753711134948580726745901603861827651945570243962690571117623413516592788344895488044175128417096634511179669116936384176,[2 7 0 5 9 4 1 3 8 6]
5218125974550137478520743053796784905413606180512055650474873520943018224577205445166564381195041288427087480405360978966527189789505625468608641430882993293042537657647513254923486275309564312280474822504238410546502811575978633296876827253261872425728684537659786003811250120342570031523714844397869733,[2 3 9 0 7 8 4 6 1 5]
789253790872692606128363231263873550204748923778427539820164074235266158120996206882051850780260678732290667673082459106475562086015726600783159729245521936163253731169920874260002663318674411097537436720306287239510258242136790726429029631766018929275007955204419621974497154732897921,[8 1 5 6 3 7 0 4 9 2]
6438930593176181261786911669309963054974403110684831816138085752546561117325721083393528179140639218659534003962252353598334789538312831945354788838517654304135961534275517467035182786168457179225321469197173228575579463847023985678162142372525627719262624986270264632892309931987491358618243276512862839436,[1 7 9 2 8 3 5 0 4 6]
52665333481316576891056863357651115258920942852038227652596480603468526157564895677641477147543866125625374907867788913253338008148940994863925138717812685313492493382998406305289426264208045087116814501982283643964017493059088909411964409680095027542646718896576833186762486053882662570891807745,[6 4 3 1 2 5 7 0 9 8]
3220584833583685813573485364267790966989809973943803873423418608813194869490929353923051437807379406461185313790043828105375473011583896425607507973963282805767286351532264539222621764309534493844064355153239849635211384651870566483797307592319150794014348900584139476875364021186835135913622201804866,[5 6 9 2 8 0 1 7 4 3]
95327010595620823971564968873637091345724184740320807809767511425771581916282554191710422402047015724628629656378089067599149037690802967435173794889660250193613703199462685930931283751795015237569145623276255152527106908874642383320452238903265422663960077696009269315424973381748202553424236572,[1 9 6 4 5 2 3 8 0 7]
5236171868478841278623443785089667365397632045741132998675681295669559450630973346915121564849236332599975735107786344751978544286627534577193938692131756293771808862827547653220867468456966318542084566778686018874439166566801468961158900810396685274157093114501415765714936637846138722399845777133797637154085,[6 3 2 1 7 5 9 4 0 8]
03652099915448452685066170094054092046771077786675084056338284981644122268521469606223006633060641275073611702235051124907478646845208733206067551261686329860732806704217558048262515104502341471435605067214778637311786636860147160428864485915261157093551747852709112272865855341601916526199485540652154842892208,[5 1 4 6 2 8 3 7 9 0]
274695506079001992927648245373287701914945379211990058085089944793649745715058652648952016514510511206531218072519126493104177806703676438807911428087740515641623842930754769006846391093912465910550966479849947647592639254351407491950989062629692393903380585452297086436902567521541976282505239025162788295309756455922,[9 4 8 5 6 0 1 3 7 2]
4058688395283382173723762381694396942310131003188357703610735804165296541996383271851925202419399326400645800476403898744667658636884478765604293067359865915664197340257318342113870749956895709380493629843703064069452602475515696858131447827393904609341275222409755008577469604835705682319746636316528175854,[8 5 0 6 7 4 9 2 1 3]
510304921459408516463132753128519516419651296015271938567769797463655057641944387908757613926173800925664635420373972984384655894114563060239228564249309116694892931807542719103070656384445436775800946258863666632931141571380338158283295292823380698805366057026530908839108091342457689711370578613450853,[1 9 2 7 6 3 4 0 8 5]
823606630546387452405916307874403914750135777592366820955072840815111886749375967313994399953063374432228002364665409339259466806932223370795986189198315906980581180184058215202487975957166307103231243312821439273049821286425809087156954995306765738487669311437623867950760504374698488997730364891758970087934238,[6 8 2 7 0 5 9 1 4 3]
87254162909004790580590532050126402571694850078642515989089054451480637302578364877507906196871039385435187351737835680648464014309236836328973843617621560361735889877781316920543878654282307720570648328525038891254412193185338552285513435842648874941399179039064878122516291327684222183064650660750734846600,[4 8 9 6 2 1 5 3 7 0]
508825716565516683124903507469159044567530328719133808130045101348735804651328732203821996268972783808527977790357654294219500314507038534890643693204898423066317865113278378364430253116256049201565788837952767910785752715212239094045381685180976223720892792688994521723759101797243112543281990322715192079754603876733,[7 3 4 2 8 9 1 6 0 5]
872736407425325181378051978565737636452319402162044481173661856780540953156885419327436425025074881202351606055902760859847395200667235736560857606607270485324733540168475319432122812143493614605405563871347816233240546786477334322568208627069862346010652086110222705634296825660371074236802913628487622309326668681900,[2 0 1 6 5 3 7 4 9 8]
9331401267813092044547626038101189334490350064537490442893649598975828752806210669786936539365497119592809146178027088830567338193995477210569644057962014210855049465494414993489305247535104292491033671891016699410368804654971983840327677849766984762575358767021305298376499275335957066966694280899,[5 7 6 4 8 0 3 1 2 9]
30269062753145340906326054534624826679867679717617264974179576188238014662910198320751517873672865540606794673309965679410662304041463257712893955380223111974567583238519996428130215903563865405643859933981423203872936981439268774146524657436909834193387406508181699932015618400129869446958816,[0 1 9 4 5 3 7 8 2 6]
923918306378647199393349018171603420551173017438016876120859675160562091404278169955591673679859434787751410888024209526743493872702566053065287290310334937949166596785378274880233723629508117336050984401535704829338982199617026201845727247424774956119569266073948397858498339614928209515766119240480179,[5 0 4 6 1 7 2 8 3 9]
68140271093364370329030081974821687368150901214136265002487110546998059765242535484493905831462374233627144853149926597005165538008280574398081556367439268734185431414781017104379542924330700318803139094111147665987012659906968171074384431254875768256770885426055481706371414534217005549500177261307142544,[8 0 3 1 5 4 7 9 2 6]
754183366768645838554584247546050799657370533764065718366380640541792716475001756698414099188409563732018739905266090509423068599747791823026608318923739766605075645094571140110717663585725976892725608947437159782949839997616756833372879990595609106165031360714673603331857820569383750861560967113796658480,[5 0 1 3 9 7 6 4 2 8]
584083433485101695648542175421436859777676327895971951737094629939276750136080547813340476415809511475856405896847552597976935092469949391642473099698739301660083442455269444396589764068128351805157069015166273020683520261707658579996963096495007371743863216020542163800511296307954251895290507616419371466,[7 6 0 9 4 3 1 8 2 5]
46555852749840993023681505806819508407923565428599135940623543998538064090582253996835938565586693615399231136247704311708996327244223378560822785114784942115419894878550185654776422649958021549197896930164092340660819585686269424571325244503825545210857309223061188721230836924203252745865331098718749974865994677851783,[2 3 9 5 1 8 0 6 7 4]
695814142448106133648083490758116255739049534704918179715963693286055780179672425564870940614109678942165605564068391630756432963481345468038796993754435401423524705482651791284154329178019763048121407179096424399373469137306204866972892792602410014921848760254995164330708453896373239489434980977,[1 7 5 3 9 6 8 0 2 4]
362716305877604519571240003666427462490953508834146668485326711575894762750836331558325103404658678345158360752044801546827816710549426543500355714565874166939058700172027199348032631953900495713965671104880403358945696753296309579941630294410179629441866450654121411130997785466547193101779084570279975864659789410142677,[5 4 1 6 8 3 9 0 2 7]
636298209152007456997862659119492178517981500989909414672220149471443658049426907868794121478162965163982183707863263486714682820622590535684863198881129809963966730486587019826820526854697726804216791300790982612252192149027122969898186579663228175209865813570713177821682420335695214022781058808194041972961,[7 1 5 9 8 6 2 3 4 0]
1432840346127621685292485603218324782545606996005676042843614809432466072059135522331452371043507816792249592535144315603661193528382489182649623458005158502888145560905600651391547018183329842619315742231666627115766258523550543213706277081994726263901825882175670838138325982280669717173707258513912,[6 0 5 4 7 2 9 3 8 1]
901372368243690808489472559830148089693735585901473951195792024326410470544083008491246713693890827904659982524299229285931958559234045046623088041455853426312418592248524461695512396925023294522304528698478348137896503311536764037958553982365979171498760453072360235591458367136833,[2 9 1 5 0 4 8 6 7 3]
