6011635000856484401181652564816481480121065246011625836581265240403601165256423860116077625026586501,[array([3, 0, 5, 2, 7, 9, 4, 1, 8, 6]), b'yazqlbcdefghijkmnoprstuvwx']
3291368432616296640308513862369683467763896837866782432938006544803782428803291352762693803684368241,[array([0, 6, 8, 9, 5, 2, 7, 1, 4, 3]), b'jioncabdefghklmpqrstuvwxyz']
4795480579467054099141979461409409914995403199236410324795773354923479543706240546225491499540319923,[array([6, 9, 0, 8, 1, 7, 5, 2, 3, 4]), b'cnbjoadefghiklmpqrstuvwxyz']
5328560303805737851608385906566863658459065332852815306513225328265130659061506795408159067051708627,[array([4, 0, 7, 9, 3, 1, 2, 8, 6, 5]), b'fkuxabcdeghijlmnopqrstvwyz']
7833743167549470301715136704173997330741074316721540179138114922474433197330790455301072874319373309,[array([8, 6, 3, 9, 4, 2, 5, 0, 1, 7]), b'xyozabcdefghijklmnpqrstuvw']
3664301953816503060836932850359130183285039586480130183688836644817810801301836914839530183182108958,[array([8, 0, 5, 7, 6, 9, 4, 2, 1, 3]), b'ejfcabdghiklmnopqrstuvwxyz']
4823466124068564058146694088482346612406856468994650415113482303052959456401223481126423124669485680,[array([0, 6, 2, 9, 5, 8, 1, 3, 7, 4]), b'scneiabdfghjklmopqrtuvwxyz']
7099731515747240072553724317315761409159758746105070997315302519060576100072576096348459728728740518,[array([8, 4, 1, 6, 3, 0, 2, 9, 5, 7]), b'yiucxabdefghjklmnopqrstvwz']
0331096835665072602930562072602930970256097072607629609704513243160355072370726059610894433161049262,[array([6, 2, 7, 5, 4, 3, 9, 8, 1, 0]), b'eifvjabcdghklmnopqrstuwxyz']
1683174501663514308174514569109174515085130657568675910918245683134532516831906525716831767853127858,[array([5, 9, 7, 4, 2, 6, 8, 0, 3, 1]), b'zqghlabcdefijkmnoprstuvwxy']
4288413764177842813471424025743640027413462717847143843793426381374571374274137403384535528878453777,[array([6, 9, 3, 7, 1, 2, 0, 5, 8, 4]), b'yzoevabcdfghijklmnpqrstuwx']
8168992778493812268241807337459874819758076998095839684624849565743824181252987694819787821839687954,[array([0, 5, 9, 7, 3, 2, 1, 4, 6, 8]), b'cxoltabdefghijkmnpqrsuvwyz']
6874600336208106257896370360076103145776356325871628137290323787561352700603262346208116978560326237,[array([5, 2, 0, 3, 8, 9, 1, 4, 7, 6]), b'pxqoabcdefghijklmnrstuvwyz']
4085496514286994570495427914778459584778408549651422412554778354685420865358246514270768558240208415,[array([3, 8, 2, 0, 6, 9, 1, 5, 7, 4]), b'ycpwabdefghijklmnoqrstuvxz']
3710369636466371036646236676372123198821203413662837212661226441237103674366496710371036252136910120,[array([2, 1, 6, 9, 5, 7, 8, 4, 0, 3]), b'gnsjyabcdefhiklmopqrtuvwxz']
7588070824575868706928256758674650560798637236127586708041861769008264721175867465056070824474673016,[array([2, 8, 0, 5, 3, 4, 1, 6, 9, 7]), b'auctmbdefghijklnopqrsvwxyz']
7581708179417987507498748547437504271087358007107055370490228450897087042810742174370107241081075429,[array([3, 0, 1, 2, 6, 5, 9, 4, 8, 7]), b'gcrmyabdefhijklnopqstuvwxz']
7310706579626065179872263567535170657169657991465430291095615950786937530526731079335751097395107696,[array([6, 2, 0, 5, 3, 1, 9, 8, 4, 7]), b'lxdeabcfghijkmnopqrstuvwyz']
2134215287619234799261602402447423479924780211635315275123479910345192436244742506735044215244026349,[array([0, 5, 4, 3, 8, 7, 9, 6, 1, 2]), b'gnpsvabcdefhijklmoqrtuwxyz']
6379791736959060576103860546308684865200694349961460576994693073059064769737620976303056050603673480,[array([3, 4, 0, 5, 1, 9, 2, 8, 7, 6]), b'gyohbacdefijklmnpqrstuvwxz']
4270472198101427924274922728427004779994102420493650427004501572174986427624779924763046698450154969,[array([8, 1, 7, 2, 5, 9, 3, 6, 0, 4]), b'nkcuyabdefghijlmopqrstvwxz']
9429441119128893293422918893424944113982391288932943594294411132934294218918893424944113932934293131,[array([0, 7, 4, 3, 6, 1, 5, 8, 2, 9]), b'qxubkacdefghijlmnoprstvwyz']
0421085367403471072650662082589203429675909577329623055706515775806620957108799015085212730415230957,[array([5, 3, 6, 7, 8, 4, 9, 1, 2, 0]), b'bqvrpacdefghijklmnostuwxyz']
8260840334289201835983327382652138260865764965310853186354071680553721482585318354480585318507132563,[array([7, 3, 5, 4, 2, 9, 6, 0, 1, 8]), b'xpflabcdeghijkmnoqrstuvwyz']
5148577651698501085947657035099614505301153653077577665148577690711750307657765308014076051056465314,[array([8, 0, 7, 9, 1, 3, 4, 6, 2, 5]), b'dxhrabcefgijklmnopqstuvwyz']
5886562157099965105621581935493158014579311459435215881359698301659435989101953975796219135906195293,[array([9, 7, 6, 8, 3, 4, 1, 0, 2, 5]), b'agvbdcefhijklmnopqrstuwxyz']
6527803969506937962169506253043076216755276507390704672960792695072348621680459575675325650680796535,[array([8, 9, 0, 5, 7, 2, 4, 1, 3, 6]), b'bgehacdfijklmnopqrstuvwxyz']
5045460508647758796524895496456475840895892508004950827564777580780650475045407256475344965079564524,[array([7, 0, 6, 4, 9, 8, 1, 3, 2, 5]), b'zmionabcdefghjklpqrstuvwxy']
2395283834923952680304925015233942448824628818239528812748392739316824628162874294992395281628794395,[array([6, 9, 8, 0, 7, 3, 4, 5, 1, 2]), b'cnmjuabdefghiklopqrstvwxyz']
2661254615541548619915410425374615941042537451751827848126618296199761547126615541246919697195410998,[array([4, 7, 5, 9, 3, 2, 8, 0, 6, 1]), b'xofvpabcdeghijklmnqrstuwyz']
0281509810489399995190966709810387064016609815028671890990959609818679106406316503560919099025063165,[array([1, 8, 9, 7, 3, 2, 5, 6, 4, 0]), b'exskabcdfghijlmnopqrtuvwyz']
4520485034538945927489594794673958452047898945927457784875453520491459245898948958784690485047902890,[array([8, 7, 0, 3, 5, 2, 9, 1, 6, 4]), b'skdbacefghijlmnopqrtuvwxyz']
4590480164055438754055406643874875492438907640797435438710667549247608423983359403384387478363833578,[array([9, 8, 3, 1, 0, 6, 5, 7, 2, 4]), b'ombuacdefghijklnpqrstvwxyz']
3510369730962676617345573413510309763175938164305260351036973551695631597369737967203671631794973965,[array([7, 9, 6, 8, 2, 5, 1, 4, 0, 3]), b'shwgjabcdefiklmnopqrtuvxyz']
6918647160944216211467971695941746793269186471697271776744674891867162976797162931818699647169727177,[array([9, 5, 7, 4, 3, 0, 2, 8, 1, 6]), b'axspybcdefghijklmnoqrtuvwz']
8927844178164846389597658628441847631875893449574489278441759341217846386777847844189944875861443492,[array([5, 3, 4, 6, 0, 9, 2, 7, 1, 8]), b'qjlbzacdefghikmnoprstuvwxy']
8790801687768459774810336585587768452978918776830773689869507705779580097893055855877556875978230469,[array([9, 7, 5, 6, 0, 3, 4, 2, 1, 8]), b'oqneabcdfghijklmprstuvwxyz']
8695822486097876058621454387602281072280921822448930978200821048695824872677891282101282244869380134,[array([3, 7, 2, 0, 5, 6, 9, 1, 4, 8]), b'ylqmdabcefghijknoprstuvwxz']
7223796873983719488837657227233881285762997193949276232379688394498768742179179687642917188374278394,[array([1, 9, 6, 3, 4, 2, 5, 0, 8, 7]), b'jokdiabcefghlmnpqrstuvwxyz']
2615273216942342067726841296678628467523847440238632842640324009876571524027696826152564632712377468,[array([5, 7, 3, 8, 6, 9, 1, 4, 0, 2]), b'dsvhabcefgijklmnopqrtuwxyz']
5691538596205815464456480856567360587685870528113518301574209674058708057615200959158639539587056691,[array([4, 8, 7, 3, 6, 2, 9, 1, 0, 5]), b'prjkabcdefghilmnoqstuvwxyz']
8471987182316826856446984711871221528354636864835584759112756242817198101458712215285644698964838419,[array([1, 4, 2, 7, 9, 3, 5, 0, 6, 8]), b'irsqnabcdefghjklmoptuvwxyz']
1751288199512892188159481751288189481889771881482245195618897750215048125201282815225189228128817046,[array([4, 8, 2, 0, 9, 7, 5, 6, 3, 1]), b'meuoabcdfghijklnpqrstvwxyz']
7416713917327116876088789178111657891785518881789170617891858878917637891716078917564165789178611631,[array([5, 1, 4, 6, 0, 8, 9, 3, 2, 7]), b'pdweiabcfghjklmnoqrstuvxyz']
9137295559883575915137374913768755789149455849721493763429852821673454967953791329642795249132905783,[array([7, 0, 3, 8, 1, 5, 6, 2, 4, 9]), b'uzxkgabcdefhijlmnopqrstvwy']
3511362349757376236772307911354797324213807939755730791135479751139754302257021376230267378376236772,[array([6, 7, 9, 4, 5, 1, 2, 8, 0, 3]), b'combadefghijklnpqrstuvwxyz']
0220891042140220918921081943908910249480363943908910416217839344130891089497031708153613608910225989,[array([7, 9, 4, 8, 5, 3, 6, 1, 2, 0]), b'dqzbxacefghijklmnoprstuvwy']
1954100891513525175515213729831380100514525178138232385140340005610970178568916905100517823990159335,[array([7, 0, 6, 3, 4, 9, 5, 8, 2, 1]), b'bqjicadefghklmnoprstuvwxyz']
2411217402056284528707649412411285002056241203110712411373056707200735411207419230734071237020072840,[array([7, 3, 5, 0, 8, 4, 9, 6, 1, 2]), b'quirwabcdefghjklmnopstvxyz']
7986720879183762710898574955867268768876270107622148807986709162824072314955741491907208706876271459,[array([8, 2, 3, 0, 1, 9, 5, 4, 6, 7]), b'nqpsjabcdefghiklmortuvwxyz']
2183297082703045172183277023658804281902183241927702701342770691044032770217632183275423073102546101,[array([6, 4, 7, 5, 1, 9, 8, 3, 0, 2]), b'ykojabcdefghilmnpqrstuvwxz']
8549846376648326831043869810832681164668643183268026698353666950669832683159020320854983268266125430,[array([6, 0, 3, 2, 7, 5, 4, 1, 9, 8]), b'uiqmjabcdefghklnoprstvwxyz']
0938504985510552071226099620907298507580552035926016055208569355182035145032356826055041680959812818,[array([8, 5, 1, 4, 3, 9, 6, 2, 7, 0]), b'rojcbadefghiklmnpqstuvwxyz']
4396413339439158186438845716439641316416194771416194983435538334340394833845155488421584771481145178,[array([8, 1, 3, 6, 5, 0, 9, 7, 2, 4]), b'esadvbcfghijklmnopqrtuwxyz']
3194399796843903194326983788319431965439031943064954326983788194314419390319435978432698637943299748,[array([4, 9, 6, 1, 7, 2, 5, 8, 0, 3]), b'eowvabcdfghijklmnpqrstuxyz']
0190594075718099077691348016803169994590161709709405915087459087665705940881340991550773401406703784,[array([8, 9, 5, 1, 3, 6, 7, 4, 2, 0]), b'dilaxbcefghjkmnopqrstuvwyz']
2881255188105127310218733280362092851247927962812887828788203179879612187332912185091152796218509115,[array([1, 8, 5, 3, 4, 7, 9, 0, 6, 2]), b'gprlfabcdehijkmnoqstuvwxyz']
8271682068567519138563875938814168208350897850800532596269221985087290418978715491982756850899056969,[array([1, 9, 7, 2, 4, 5, 6, 0, 3, 8]), b'uiflzabcdeghjkmnopqrstvwxy']
0310556865889159905088940939603140259901860956056068031085356983990186055758378035098098160390509525,[array([5, 9, 6, 8, 2, 3, 1, 7, 4, 0]), b'ilkovabcdefghjmnpqrstuwxyz']
1246108481978124613580294139778216349415219781246167349706183152049441782176138510656401831357610848,[array([3, 5, 0, 2, 4, 9, 7, 8, 6, 1]), b'cwgzhabdefijklmnopqrstuvxy']
7984175290497895794782207945909407420879807648247447985782094798418249731972667989034710908789474009,[array([4, 3, 8, 9, 1, 2, 6, 5, 0, 7]), b'sxqdzabcefghijklmnoprtuvwy']
6778169286999647486940086778169286999677487782658171862097717782860464748677976078776477064764776748,[array([4, 7, 0, 3, 5, 9, 1, 8, 2, 6]), b'nodqbacefghijklmprstuvwxyz']
3966836873578562043682039646398793685974235785620439668317018618635173682039646398793685974230186186,[array([1, 8, 6, 0, 9, 4, 5, 7, 2, 3]), b'aqdvsbcefghijklmnoprtuwxyz']
0992036910528688383306240723603680578332853099059948833036913833833070129780990512805974098062306874,[array([5, 6, 2, 3, 1, 7, 4, 8, 9, 0]), b'bvxscadefghijklmnopqrtuwyz']
6541364469068806859886103684128644652568829615868846723625640715918920620688446326961198615568846310,[array([4, 5, 7, 8, 9, 1, 0, 2, 3, 6]), b'mlxjvabcdefghiknopqrstuwyz']
0695307950614658051530113505351152063801402452046150984301507456709801402752907954027913758063802577,[array([5, 2, 7, 9, 1, 6, 3, 4, 8, 0]), b'zjlqmabcdefghiknoprstuvwxy']
7167368646117064916647892571647263716746116117160460476575705211517647521712237167521266611752176860,[array([6, 4, 1, 8, 0, 5, 2, 9, 3, 7]), b'ikhvmabcdefgjlnopqrstuwxyz']
6967902203962806794205120009886302962892628426109162899640062805258299380988629628963552582620689452,[array([3, 5, 8, 2, 4, 1, 7, 0, 9, 6]), b'upzmabcdefghijklnoqrstvwxy']
5759788536450610686542665160542652380717862560542654703461160730254652386546635863473738865461606596,[array([2, 4, 7, 8, 9, 3, 6, 1, 0, 5]), b'qbicdaefghjklmnoprstuvwxyz']
5227521153425882115642652275882115749126459845206150658075606984758821152384175902837465065838570328,[array([8, 9, 1, 3, 2, 0, 7, 4, 6, 5]), b'hckiabdefgjlmnopqrstuvwxyz']
8427835218602182832338922938030298425089062098283233892293809175137803029842508427817142685484278670,[array([4, 2, 7, 6, 3, 0, 9, 5, 1, 8]), b'tiesgabcdfhjklmnopqruvwxyz']
7372387168760247463975024792736676327303271687834674648370823225303702048247463726339736746879024923,[array([6, 2, 4, 9, 0, 1, 5, 8, 3, 7]), b'hszpabcdefgijklmnoqrtuvwxy']
4730461773415411842720460184730247884390647304577703741547302788432170481684730423130842084154731709,[array([1, 3, 7, 6, 9, 2, 8, 0, 5, 4]), b'obawkcdefghijlmnpqrstuvxyz']
3682329873082830223588830183250843283682526530183505125877321452143712830003295432902310003758132955,[array([5, 6, 2, 7, 9, 0, 4, 1, 8, 3]), b'gvrshabcdefijklmnopqtuwxyz']
9166921480219470394707971149313291716698032912394081785962008247229096083912391716695608802947292132,[array([7, 8, 1, 4, 6, 3, 2, 0, 5, 9]), b'ucawbdefghijklmnopqrstvxyz']
1210043729617027715277120100417668129610891004372961201004166300029619301601702771940144281963010088,[array([6, 0, 3, 7, 2, 9, 4, 8, 5, 1]), b'dhgsabcefijklmnopqrtuvwxyz']
3112938159131685939720311839620350935998631183429043962035093118965420381591311293165579839098637881,[array([4, 6, 8, 1, 9, 5, 0, 2, 7, 3]), b'yzehdabcfgijklmnopqrstuvwx']
2832985924851911398298328359834218500247928324788349283298599354839821542647003783218500247928326470,[array([5, 8, 1, 9, 6, 0, 4, 7, 3, 2]), b'ahmyvbcdefgijklnopqrstuwxz']
9524925002934054690564905395595249824240749489524904269559524824240749489524904269489524902404945252,[array([2, 5, 7, 6, 0, 3, 4, 8, 1, 9]), b'racdnbefghijklmopqstuvwxyz']
7836798124246712487041702712471836972208712474891783672208712494917220871247302127836722087124790412,[array([2, 9, 1, 4, 0, 8, 3, 5, 6, 7]), b'hwleoabcdfgijkmnpqrstuvxyz']
1782014250715917217821823620178201621023013637017217821029788782761825317814237201524358212917625532,[array([9, 6, 8, 7, 5, 3, 4, 0, 2, 1]), b'kvqzbacdefghijlmnoprstuwxy']
8158235665118115781366866811118115981458793190395086451139814069445451184618115948311135816805345165,[array([4, 6, 1, 9, 7, 2, 3, 0, 5, 8]), b'noaymbcdefghijklpqrstuvwxz']
2191216742892169299039428423709234799439794249832169218942304842169321631245937297712313704123824861,[array([4, 1, 6, 7, 0, 3, 8, 5, 9, 2]), b'dlqknabcefghijmoprstuvwxyz']
7638746307447240162571471734857631766718274218276671827664028418274218274473863227125742718272401625,[array([6, 9, 8, 4, 1, 3, 0, 5, 2, 7]), b'pzywabcdefghijklmnoqrstuvx']
2470219026127434258763792572750654350782312007276900274342506440310200724394710266120929479009962036,[array([9, 5, 0, 3, 4, 6, 1, 8, 7, 2]), b'obhizacdefgjklmnpqrstuvwxy']
2398285266920419929662855201942494014023982840618923772664066362355719620920867258121230266920411396,[array([5, 0, 6, 1, 3, 7, 9, 8, 4, 2]), b'kmurabcdefghijlnopqstvwxyz']
0184403436068023906436064850633986039831947908804620840649088988023906436064850233986032285960880462,[array([8, 7, 4, 6, 5, 3, 1, 2, 9, 0]), b'svdxpabcefghijklmnoqrtuwyz']
9629122933294106924925220927293313956962227092496157943583931023314109332985429249332924722693322224,[array([2, 4, 6, 3, 5, 1, 0, 8, 7, 9]), b'rwsumabcdefghijklnopqtvxyz']
1348198704618716455481589218568471920199915841588277158951692164047884019841245154164124639840154185,[array([7, 8, 5, 0, 9, 6, 2, 4, 3, 1]), b'siudabcefghjklmnopqrtvwxyz']
8258224287494053299805565228000787109415228143041864282582242055652281409245184280249989015843208241,[array([1, 0, 2, 4, 3, 6, 9, 7, 5, 8]), b'moxanbcdefghijklpqrstuvwyz']
6164202858367571162361690571625633063835110658263336231267143231331730623613605223113336216323655133,[array([3, 2, 8, 4, 7, 1, 5, 9, 0, 6]), b'hiqlgabcdefjkmnoprstuvwxyz']
8557869214892855786966718327859839789086395829285399185958557199558928557894294558453338173907285571,[array([4, 5, 9, 0, 6, 3, 1, 7, 2, 8]), b'pboncadefghijklmqrstuvwxyz']
7879343738788787415135687835257327315755587547130731837183173361331518550517337361253173374158451531,[array([1, 8, 3, 6, 0, 2, 5, 4, 9, 7]), b'caiwbdefghjklmnopqrstuvxyz']
0920496405192224906042663322334160322924903192014409204964225264249060864422032562642490922108242673,[array([2, 3, 4, 9, 8, 6, 1, 5, 7, 0]), b'jlthfabcdegikmnopqrsuvwxyz']
7215957217295615957237857051295076907326729721570656629973472156215785276743362117869710590521722750,[array([4, 9, 1, 2, 5, 6, 8, 3, 0, 7]), b'knvzeabcdfghijlmopqrstuwxy']
1801284215960502818361633616848813921759670519321889695935066028143715956460281280416848818460140559,[array([5, 2, 3, 6, 8, 4, 9, 7, 0, 1]), b'cjnshabdefgiklmopqrtuvwxyz']
3139157795138123471113180526315773810445264385737037717381407771470370380365273471113207380352202027,[array([6, 7, 5, 4, 1, 8, 2, 0, 9, 3]), b'djqsabcefghiklmnoprtuvwxyz']
4389946001334601438994713343967745804515849989980478569384677499876014396774785158470880346014991003,[array([2, 0, 9, 8, 3, 6, 7, 5, 1, 4]), b'pntesabcdfghijklmoqruvwxyz']
8353580152872723586243586427835281249826852535815375835129924631839872395218099827721129383981240394,[array([4, 5, 3, 0, 1, 7, 9, 2, 6, 8]), b'jpuabcdefghiklmnoqrstvwxyz']
6776112649761191612659526776112629526219776126821183693362197730165052603106110265017629011611267083,[array([2, 8, 1, 0, 4, 9, 7, 5, 3, 6]), b'sruogabcdefhijklmnpqtvwxyz']
3931612393573113415436684414138543410341529011999829388137921842395513522349663284311717611341039929,[array([0, 1, 9, 4, 5, 6, 7, 2, 8, 3]), b'yeqwabcdfghijklmnoprstuvxz']
9569465906353934569536903614946398818911953698819063953690863460953696462198449068393096496763190346,[array([6, 0, 5, 3, 7, 8, 1, 2, 4, 9]), b'xstiuabcdefghjklmnopqrvwyz']
7316721657561555679417568536796575613945725978472275183575905783184176558679848514533739865765579161,[array([5, 3, 6, 8, 0, 9, 2, 4, 1, 7]), b'hstkxabcdefgijlmnopqruvwyz']
3554382262382327423853828523254325882382239764382583824928946253225993970235658538738228637553776426,[array([2, 8, 9, 0, 5, 7, 4, 1, 6, 3]), b'eickabdfghjlmnopqrstuvwxyz']
6941069416427476736941627476711249176347567336941694418472767394164788162076897776721469416041485958,[array([3, 4, 9, 8, 2, 5, 0, 7, 1, 6]), b'zgksabcdefhijlmnopqrtuvwxy']
9530109534598096043946695301095345980924392307953009134889703453009831339435916247071946697733940606,[array([5, 3, 1, 7, 4, 8, 6, 0, 2, 9]), b'tcymabdefghijklnopqrsuvwxz']
8265815036702687190082658359375866777862668728265582694866772895782500908702805150866772895870381905,[array([0, 6, 2, 4, 1, 7, 9, 3, 5, 8]), b'nfdzmabceghijklopqrstuvwxy']
5983458875283003500835613675887533385178754878010425603576148877254637560353058875161153958875874717,[array([2, 8, 0, 6, 1, 4, 3, 7, 9, 5]), b'jrnabcdefghiklmopqstuvwxyz']
8463833082694814520783309073856183308259673078330907387354486734083054018330487354484087690683787543,[array([0, 7, 3, 6, 9, 5, 4, 2, 1, 8]), b'xofnrabcdeghijklmpqstuvwyz']
1232394004616931488510473141563461634361671416975348717619831276734871764841888312367631693169753487,[array([3, 6, 5, 9, 8, 4, 2, 0, 7, 1]), b'stjpnabcdefghiklmoqruvwxyz']
8132798240861958456689789715178658548297829596861989784566891557658678146847859166865178548955855292,[array([3, 9, 5, 2, 6, 1, 4, 0, 7, 8]), b'xyjgdabcefhiklmnopqrstuvwz']
7054731279359526573433213731278453154793658711365711399765954315573227315171139378576137500705475954,[array([4, 1, 3, 9, 8, 6, 2, 5, 0, 7]), b'qualbcdefghijkmnoprstvwxyz']
0437876787027407097810494706057377230437705509667068750570678640630574478067805704701670439204709617,[array([6, 8, 3, 1, 4, 9, 5, 2, 7, 0]), b'irsdtabcefghjklmnopquvwxyz']
4028842120468507057834029468762130241582840284201724894281283402861318718764208758024133495880241119,[array([8, 9, 7, 2, 0, 1, 5, 6, 3, 4]), b'uyivpabcdefghjklmnoqrstwxz']
5934545638536425823544566311592582725421273912502754872536864826534546258385205338782645463650275823,[array([0, 7, 6, 4, 3, 9, 1, 8, 2, 5]), b'qwnzabcdefghijklmoprstuvxy']
7543764187417596734176588751553141457417695792495879885105885807317558374176451875925807914875991761,[array([2, 0, 4, 5, 3, 9, 6, 8, 1, 7]), b'yjubxacdefghiklmnopqrstvwz']
0647065340453025431071435450647075614533505670536170545076168635453907312349370456405305761302104538,[array([3, 1, 5, 4, 9, 6, 8, 2, 7, 0]), b'gkunyabcdefhijlmopqrstvwxz']
7969179072975690705145206275889527293219059751107491765174912912975297856670872280429927510791935912,[array([2, 9, 1, 5, 6, 4, 0, 8, 3, 7]), b'yenabcdfghijklmopqrstuvwxz']
6440402040690610643370220268730690842031026348369068406340943374076026340964439461333076340624024032,[array([2, 5, 4, 3, 8, 1, 9, 7, 0, 6]), b'sxwlabcdefghijkmnopqrtuvyz']
4889489084959463508994908394764554590048085471545742804972947895346734590049859490459470959049539026,[array([3, 9, 5, 1, 2, 8, 7, 0, 6, 4]), b'mdzjcabefghiklnopqrstuvwxy']
8066807558675827666867807264768227678633536965138758466656786567587610158051967586758797957686781235,[array([4, 7, 6, 9, 0, 1, 3, 5, 2, 8]), b'pruabcdefghijklmnoqstvwxyz']
4993401409634698248017406884918845141161584801452779937198420482380984514795471154526142994819368629,[array([0, 8, 6, 7, 9, 2, 5, 3, 1, 4]), b'hlikabcdefgjmnopqrstuvwxyz']
2037264120361191720372606724334246528162849728132341274362437193412308812103249234125468791362594586,[array([1, 9, 3, 4, 6, 0, 8, 5, 7, 2]), b'wknosabcdefghijlmpqrtuvxyz']
2935274828490448842391827524412935294985244124424720986902650291932752897298932444284682781874302441,[array([8, 6, 0, 4, 7, 9, 1, 3, 5, 2]), b'wxlhzabcdefgijkmnopqrstuvy']
2375289211251201152812851626587525120115281211426538285373253311122910258771052385125121317285125361,[array([5, 8, 4, 3, 6, 7, 1, 9, 0, 2]), b'dlqabcefghijkmnoprstuvwxyz']
4135417423489133541234617296346642974769313313734017410139354135297491953314017402913413548097139938,[array([2, 9, 7, 1, 0, 5, 3, 6, 8, 4]), b'vucabdefghijklmnopqrstwxyz']
6244621618610228626780923460120318865818101961376986434865391137624461865849634624461296485469867829,[array([8, 3, 0, 1, 9, 2, 5, 7, 4, 6]), b'zipuyabcdefghjklmnoqrstvwx']
5941152116590530892178125875923539092195991264225494832959211913811528454365875215916139570998815284,[array([7, 9, 2, 8, 1, 4, 3, 0, 6, 5]), b'ltjveabcdfghikmnopqrsuwxyz']
8308141914398698129686983998229398224633830798208973381601869227282298146300780583008438643287282760,[array([5, 3, 2, 4, 1, 7, 6, 0, 9, 8]), b'rcvikabdefghjlmnopqstuwxyz']
1071019941563156861954147636510536139681396619941563199414058031565139661998615615069317691396091405,[array([2, 9, 4, 3, 0, 8, 5, 6, 7, 1]), b'zadxibcefghjklmnopqrstuvwy']
2526750246499244652990247990427732752665025796299027648327175752807502990276483277321629629902479904,[array([4, 1, 9, 8, 5, 7, 6, 3, 0, 2]), b'kyhbiacdefgjlmnopqrstuvwxz']
1907815377190714532476413821863071907137641591907194649138215990715907618045018341560549472184901047,[array([7, 6, 4, 9, 0, 3, 8, 5, 2, 1]), b'mzyfhabcdegijklnopqrstuvwx']
0189986603721084061830916210187360618098360989687860726061802539838406180382097107985604678061851726,[array([3, 1, 6, 5, 7, 9, 2, 8, 4, 0]), b'mydpabcefghijklnoqrstuvwxz']
6537765775604574362796121179635564253736021486546359627962116355857937965337751437627964545777654015,[array([4, 2, 3, 5, 0, 8, 1, 9, 7, 6]), b'pazsxbcdefghijklmnoqrtuvwy']
2457920651294663250269320784693942134525392569329633257926939767126932072456429767246324337265337987,[array([9, 4, 5, 3, 1, 6, 0, 8, 7, 2]), b'nkmdjabcefghilopqrstuvwxyz']
2643271942792196032619192611401283612792643261942302616629764989135016211824362632032592632690516798,[array([0, 1, 6, 5, 7, 8, 4, 3, 9, 2]), b'fhaqwbcdegijklmnoprstuvxyz']
2688129044009249412316727846342425739129947288942688259125148976725744752494128826873248996288942845,[array([8, 4, 6, 3, 9, 5, 1, 7, 0, 2]), b'erbxacdfghijklmnopqstuvwyz']
8991876826685966811218116899052651831853087582443607558138169112527551811628717418432271859418117555,[array([5, 1, 9, 3, 7, 2, 4, 0, 6, 8]), b'nfboiacdeghjklmpqrstuvwxyz']
9168936891792198679827396756592674589013970079128937244542195278679587569829568548986798658598677725,[array([7, 5, 8, 6, 4, 0, 1, 2, 3, 9]), b'mqljvabcdefghiknoprstuwxyz']
7484939761045450947825739408729199478257104740439178255418684782578447319748023478103178197803173198,[array([0, 1, 3, 9, 4, 8, 2, 5, 6, 7]), b'iycesabdfghjklmnopqrtuvwxz']
7225705299570734725447252678337644764075814707686476604327045184094027833705807076095079804705476254,[array([9, 5, 0, 1, 8, 3, 6, 4, 2, 7]), b'urscabdefghijklmnopqtvwxyz']
1026193133851286810221028148458612386812868133815065111583202106813385140251484586415831583102815065,[array([4, 3, 8, 9, 2, 0, 5, 7, 6, 1]), b'mfeilabcdghjknopqrstuvwxyz']
3111263643902966480560031543005354630493047639186354636962541164263403244303066123690036437489309176,[array([6, 2, 9, 0, 8, 1, 7, 5, 4, 3]), b'tkxfvabcdeghijlmnopqrsuwyz']
0608103170135673973075307394301107180113061036757315633660418302275304990753304536670660839806306963,[array([3, 1, 7, 5, 6, 9, 2, 4, 8, 0]), b'rxtuvabcdefghijklmnopqswyz']
0682425242082054478046472078210784705122325704660444520542907826246046609844570584110349207822014387,[array([8, 4, 5, 7, 1, 9, 6, 2, 3, 0]), b'xafzbcdeghijklmnopqrstuvwy']
6356075600069956395047536476052996034699563950475364769956403605075634964769956352996347647640713511,[array([7, 2, 9, 5, 1, 0, 8, 3, 4, 6]), b'rjzesabcdfghiklmnopqtuvwxy']
6718604805269019501631652496562938418699064680148680586800918079106905710464640522671684411611896791,[array([1, 9, 8, 0, 4, 5, 7, 2, 3, 6]), b'uptwvabcdefghijklmnoqrsxyz']
1467140145924317363682361721697631097217357136071460715991559854415876317361055616755646128149964068,[array([8, 3, 0, 7, 4, 5, 9, 2, 6, 1]), b'kgvxcabdefhijlmnopqrstuwyz']
7199710854671007665944712270076627013726242973566700559719935665667462995947537005597547957228544559,[array([2, 4, 6, 5, 3, 1, 0, 8, 9, 7]), b'rstofabcdeghijklmnpquvwxyz']
8324180241859238293283413435418338063164328746328231891182310241833832873132241806316432874632814932,[array([6, 2, 3, 9, 5, 0, 1, 4, 7, 8]), b'qycalbdefghijkmnoprstuvwxz']
4526494213845120481251914264552425943612642608034864631245264860156480148668421980104864166848010162,[array([9, 8, 1, 5, 2, 6, 3, 7, 0, 4]), b'ibeacdfghjklmnopqrstuvwxyz']
4077411849803141101480340774634781486874184634118486311140776348241184386874077438811467184683761687,[array([8, 2, 3, 1, 6, 0, 9, 5, 7, 4]), b'wurmpabcdefghijklnoqstvxyz']
